4
0.689636 -3.320092 -0.213390
0.962947 -2.373419 -0.213384
2452980.003715   350.40
0.009942
53 
-0.001341 6.499243
0.083780 5.973894
0.166171 5.576045
0.285521 5.325296
0.471748 5.050922
0.519930 5.031820
0.718266 5.318358
0.896611 5.760134
0.926437 5.825396
1.070788 6.267139
1.178502 6.537208
1.291782 6.761387
1.352994 6.938214
1.501560 7.216349
1.639636 7.280081
1.781510 7.175277
1.911238 6.895668
1.947276 6.802047
2.095300 6.354068
2.210680 5.862922
2.246779 5.768426
2.400408 5.183804
2.480963 4.433558
2.512920 4.251022
2.681255 3.376262
2.869243 2.596465
2.935408 2.441827
-2.897326 2.067829
-2.424513 2.282600
-2.159915 3.006978
-2.020743 3.450682
-1.956747 3.778000
-1.784323 4.604666
-1.667768 5.172119
-1.620359 5.506855
-1.492645 6.394611
-1.480502 6.526681
-1.380187 7.638432
-1.375265 7.716580
-1.274407 8.557025
-1.167876 8.924204
-1.053998 9.105944
-0.989109 8.976376
-0.904302 8.895071
-0.833217 8.782740
-0.717369 8.624966
-0.695218 8.586481
-0.571096 8.324961
-0.447076 8.095865
-0.328762 7.743311
-0.204310 7.393580
-0.072722 6.882813
-0.001341 6.499243
0.698937 -3.319462 -0.214553
0.955381 -2.368224 -0.214547
2452981.004665   350.44
0.009942
49 
-0.056446 6.009511
-0.000355 5.853713
0.191570 5.241168
0.250998 5.161681
0.403599 5.087254
0.571201 5.545106
0.672584 6.392033
0.673869 6.406787
0.751711 7.318785
0.842664 8.035598
0.936048 8.431958
0.958910 8.549002
1.106087 8.925191
1.109554 8.931232
1.236888 9.153480
1.348894 9.087112
1.458898 8.954789
1.570803 8.747922
1.691553 8.301799
1.730604 8.101148
1.841270 7.485583
1.869700 7.322608
1.990633 6.568347
2.099876 5.789510
2.201322 4.949653
2.313100 4.068215
2.484275 3.269947
2.726819 2.476340
2.966807 2.031005
-3.140493 1.889406
-2.556677 1.814935
-2.044198 2.249469
-2.024977 2.279464
-1.737410 3.044234
-1.570813 3.598669
-1.465601 4.024324
-1.351080 4.587864
-1.184912 5.313644
-1.037953 5.807144
-1.031164 5.838498
-1.023250 5.858576
-0.887430 6.334961
-0.735412 6.742515
-0.618033 6.906886
-0.532381 6.963712
-0.437264 7.089365
-0.294263 6.902902
-0.155530 6.469049
-0.056446 6.009511
-2.919968 0.586820 0.395561
-1.917194 0.529179 0.395559
2454728.912077   23.56
0.009942
65 
2.697754 9.410486
2.636686 9.307625
2.534668 9.129104
2.452067 8.649145
2.427780 8.597634
2.327460 8.009768
2.223603 7.406265
2.106411 6.855233
1.960555 6.576133
1.809335 6.342841
1.651467 6.188692
1.490138 6.221856
1.332498 6.360096
1.189063 6.714357
1.069392 7.284399
0.989226 7.781628
0.972557 7.992523
0.871178 8.543369
0.864945 8.543795
0.761473 8.981922
0.641662 9.363723
0.626434 9.385497
0.526237 9.831462
0.466666 10.007171
0.385153 10.252376
0.341600 10.454873
0.240027 10.526001
0.145812 10.339817
0.049317 10.190083
-0.050816 9.797653
-0.084982 9.535711
-0.161835 9.294809
-0.266369 8.812074
-0.290995 8.705524
-0.403482 8.156250
-0.456318 7.937589
-0.560553 7.676029
-0.647913 7.452341
-0.731537 7.392740
-0.867456 6.959672
-0.961901 6.702177
-1.024336 6.737585
-1.170595 6.420103
-1.322977 6.120488
-1.487325 6.012646
-1.655880 5.868383
-1.762940 5.600734
-1.842526 5.583884
-2.022288 5.726922
-2.196007 5.977944
-2.299882 6.030790
-2.372391 6.261537
-2.505116 6.837525
-2.618486 7.001302
-2.699931 7.188490
-2.802166 7.501706
-2.942970 7.590046
-2.956644 7.628806
-3.080504 8.151692
-3.140296 8.498709
3.085910 9.026050
2.982088 9.458819
2.877543 9.587793
2.770788 9.665202
2.697754 9.410486
-2.919790 0.587962 0.395583
-1.917095 0.528444 0.395580
2454728.802355   23.56
0.009942
65 
-0.018118 10.502492
0.049539 10.151006
0.151033 9.610169
0.157419 9.585196
0.267362 9.473048
0.381091 9.417453
0.414842 9.288629
0.524398 8.992889
0.567977 8.897802
0.673172 8.314623
0.783820 7.767013
0.788679 7.756538
0.937289 7.602972
1.076469 7.386974
1.077185 7.388561
1.232108 7.526768
1.366344 7.391840
1.502979 7.389796
1.638441 7.385835
1.774836 7.398971
1.911451 7.480389
2.046282 7.314002
2.069565 7.315298
2.228524 7.359862
2.290265 7.315855
2.450247 7.138257
2.459806 7.145025
2.628266 7.132601
2.711688 7.149827
2.794798 7.363265
2.939412 7.483177
2.986268 7.590612
3.079257 8.069099
-3.081368 8.263044
-2.963162 8.436390
-2.838332 8.362540
-2.763462 8.069273
-2.672673 7.738786
-2.600947 7.580372
-2.489259 6.920150
-2.377537 6.231311
-2.257778 5.816794
-2.217375 5.808246
-2.034378 5.589190
-1.852681 5.389700
-1.665651 5.271031
-1.476257 5.304836
-1.295751 5.525852
-1.135299 5.927941
-1.040423 6.372850
-1.014963 6.634620
-0.917358 7.403550
-0.791959 7.830805
-0.778218 7.830838
-0.675017 8.326884
-0.591820 9.037869
-0.505102 9.713774
-0.469981 9.930754
-0.428271 10.444020
-0.340456 11.140187
-0.315265 11.279236
-0.218736 11.508652
-0.133054 11.286893
-0.045984 10.819271
-0.018118 10.502492
