0.999033
1.001960
1.002126
1.002229
1.002437
1.003234
1.003362
1.003592
1.003791
1.003927
1.004215
1.004329
1.004145
1.004146
1.004049
1.003918
1.004080
1.004131
1.004303
1.004311
1.004282
1.003869
1.003750
1.003677
1.003642
1.003885
1.003842
1.003829
1.003711
1.003503
1.003507
1.003710
1.003656
1.003629
1.003480
1.003479
1.003140
1.003081
1.002888
1.002783
1.002746
1.001746
1.001622
1.001367
1.001156
1.000904
1.000641
0.999740
0.999492
0.999375
0.999176
0.999082
0.999035
0.998927
0.998830
0.998725
0.998482
0.998469
0.998510
0.998527
0.998532
0.998546
0.998547
0.998621
0.998624
0.998631
0.998631
0.998606
0.998483
0.998452
0.998450
0.998488
0.998666
0.998674
0.998891
1.000085
1.000122
1.000725
1.000920
1.001345
1.001455
1.001851
1.002196
1.004065
1.004286
1.004599
1.004918
1.005430
1.005872
1.005962
1.006803
1.007280
1.007833
1.008561
1.008592
1.008851
1.008893
1.009028
1.009263
1.009363
1.009622
1.009753
1.009775
1.009943
1.010192
1.010141
1.010145
1.010216
1.010172
1.010162
1.010089
1.009832
1.009689
1.009657
1.008836
1.008644
1.008511
1.008123
1.007916
1.007742
1.007470
1.007298
1.006812
1.005975
1.004536
1.004199
1.003854
1.003306
1.003032
1.002913
1.002469
1.002141
1.002124
1.002089
1.001685
1.001625
1.000171
1.000120
0.999949
0.999353
0.999029
0.998775
0.998656
0.998330
0.998037
0.997914
0.997256
0.997055
0.996606
0.996320
0.996132
0.996068
0.995687
0.995607
0.995129
0.995018
0.993878
0.993742
0.992953
0.992616
0.992326
0.991751
0.991606
0.991574
0.991007
0.989886
0.989658
0.989608
0.989592
0.989623
0.989624
0.989560
0.989546
0.989519
0.989434
0.989190
0.988957
0.988672
0.988616
0.988578
0.988563
0.988386
0.988289
0.988285
0.988262
0.988229
0.988175
0.987790
0.987491
0.987462
0.987261
0.987212
0.987176
0.987146
0.987226
0.987219
0.987228
0.987320
0.987374
0.988461
0.988680
0.988988
0.989280
0.989429
0.989959
0.990078
0.990764
0.991808
0.993466
0.994348
0.994984
0.995152
0.995928
0.995928
0.997021
0.997179
0.997179
0.998304
0.998521
0.998801
0.998855
1.000823
1.001203
1.001628
1.001821
1.001961
1.002118
1.002339
1.002550
1.002792
1.003022
1.003610
1.004081
1.004240
1.004373
1.004294
1.004328
1.004130
1.004131
1.003947
1.004084
1.004186
1.004282
1.004285
1.004296
1.004278
1.003756
1.003683
1.003681
1.003659
1.003663
1.003515
1.003536
1.003739
1.003854
1.003843
1.003760
1.003616
1.003552
1.003607
1.003711
1.003502
1.003490
1.003472
1.003326
1.003253
1.004515
1.004539
1.004513
1.004509
1.004411
1.003880
1.003771
1.003666
1.003655
1.003461
1.002546
1.002484
1.002448
1.002411
1.002160
1.002078
1.001978
1.001978
1.000481
1.000402
1.000375
1.000375
1.000218
0.999634
0.999634
0.999596
0.999584
0.999626
0.999588
0.999585
0.999558
0.999549
0.999525
0.999524
0.999516
0.999542
0.999447
0.999424
0.999282
0.999274
0.999273
0.999287
0.999299
0.999304
0.999302
0.999614
0.999671
0.999703
0.999787
0.999799
0.999817
0.999882
1.000009
1.000018
1.000125
1.000190
1.001194
1.001383
1.001453
1.001579
1.001602
1.001792
1.002031
1.002278
1.002333
1.002452
1.002501
1.004224
1.004459
1.004766
1.004849
1.005018
1.005399
1.005480
1.005710
1.005893
1.006371
1.006371
1.006692
1.008643
1.008681
1.008981
1.008981
1.009209
1.009219
1.009266
1.009416
1.009647
1.009587
1.009704
1.009748
1.009755
1.010146
1.010182
1.010225
1.010284
1.010351
1.010332
1.010398
1.010386
1.010415
1.010407
1.010395
1.010289
1.010250
1.009526
1.009467
1.009371
1.009157
1.009084
1.009035
1.008881
1.008779
1.008717
1.008672
1.008414
1.008414
1.008157
1.007962
1.006525
1.006448
1.006017
1.005656
1.005581
1.005463
1.005086
1.005086
1.004423
1.004375
1.004081
1.003805
1.003319
1.003253
1.003216
1.001750
1.001436
1.001340
1.001109
1.001088
1.000961
1.000596
1.000596
1.000320
1.000241
1.000201
1.000175
1.000153
0.999914
0.999869
0.999839
0.999839
0.999778
0.999456
0.999456
0.999287
0.999169
0.999058
0.998957
0.998707
0.998584
0.998584
0.998511
0.998555
0.998513
0.998666
0.997580
0.997480
0.997344
0.997302
0.997153
0.996829
0.996725
0.996700
0.996393
0.996346
0.996263
0.995937
0.995858
0.995665
0.995598
0.995502
0.995354
0.995246
0.995194
0.995102
0.994878
0.994658
0.994415
0.994365
0.992881
0.992572
0.992171
0.992095
0.992079
0.991914
0.991810
0.991220
0.991020
0.990860
0.990761
0.990742
0.990667
0.990641
0.990606
0.990488
0.990502
0.990503
0.990510
0.990497
0.990485
0.990474
0.990433
0.990055
0.990032
0.989970
0.989796
0.989796
0.989608
0.989560
0.989472
0.989455
0.989452
0.989419
0.989415
0.989379
0.989347
0.989321
0.989298
0.989137
0.989134
0.989134
0.989133
0.989140
0.989042
0.989040
0.989038
0.989013
0.988884
0.988857
0.988807
0.988238
0.988117
0.988001
0.988001
0.987976
0.987966
0.987950
0.988027
0.988042
0.988069
0.988073
0.988057
0.988064
0.988068
0.988109
0.988140
0.988196
0.988244
0.988249
0.988248
0.988262
0.988265
0.988270
0.988276
0.988277
0.988280
0.988283
0.988280
0.988282
0.988287
0.988541
0.988566
0.988629
0.988643
0.988688
0.988816
0.988772
0.988820
0.988959
0.988971
0.989085
0.989290
0.989323
0.989558
0.989616
0.989728
0.989763
0.990037
0.990075
0.990291
0.990648
0.990765
0.990885
0.991295
0.991585
0.991998
0.992341
0.992607
0.992829
0.994896
0.995359
0.995463
0.996373
0.996790
0.997048
0.997110
0.997550
0.998007
0.998104
0.998628
0.998806
0.999056
0.999383
0.999435
0.999724
0.999899
1.000093
1.000158
1.000341
1.000626
1.000796
1.000857
1.001113
1.001254
1.001797
1.001894
1.002659
1.002727
1.002738
1.002844
1.002936
1.002965
1.002978
1.003005
1.003042
1.003042
1.003093
1.003237
1.003250
1.003309
1.003309
1.003404
1.003519
1.003576
1.003576
1.003604
1.003629
1.003758
1.003768
1.003800
1.003800
1.003800
1.003819
1.004007
1.004074
1.004085
1.004085
1.004107
1.004139
1.004259
1.004277
1.004304
1.004304
1.004353
1.004488
1.004534
1.004558
1.004562
1.004610
1.004618
1.004621
1.004438
1.004438
1.004304
1.004290
1.004279
1.004279
1.004244
1.004224
1.004144
1.004090
1.004075
1.004074
1.004373
1.004400
1.004503
1.004658
1.004725
1.004731
1.004747
1.004780
1.004786
1.004790
1.004785
1.004847
1.004843
1.004820
1.004811
1.004803
1.004801
1.004801
1.004801
1.004535
1.004333
1.004370
1.004374
1.004373
1.004368
1.004419
1.004408
1.004374
1.004379
1.004406
1.004406
1.004481
1.004436
1.004442
1.004549
1.004624
1.004676
1.004682
1.004682
1.004711
1.004612
1.004594
1.004582
1.004563
1.004549
1.004542
1.004541
1.004541
1.004558
1.004560
1.004514
1.004516
1.004516
1.004518
1.004522
1.004525
1.004532
1.004532
1.004532
1.004531
1.004531
1.004501
1.004493
1.004499
1.004505
1.004506
1.004508
1.004514
1.004499
1.004498
1.004524
1.004527
1.004527
1.004524
1.004512
1.004507
1.004507
1.004431
1.004431
1.004410
1.004329
1.004247
1.004240
1.004180
1.004125
1.004125
1.004105
1.004026
1.004013
1.004013
1.003993
1.003947
1.003939
1.003846
1.003814
1.003732
1.003732
1.003494
1.003484
1.003415
1.003253
1.003208
1.003156
1.003121
1.003071
1.002031
1.002018
1.001904
1.001876
1.001776
1.001750
1.001506
1.001506
1.001303
1.001303
1.001166
1.001039
1.000974
1.000903
1.000841
1.000754
1.000619
1.000548
1.000522
1.000281
1.000233
1.000226
1.000210
1.000149
1.000073
1.000068
1.000061
0.999906
0.999859
0.999846
0.999841
0.999824
0.999730
0.999699
0.999646
0.999624
0.999598
0.999608
0.999598
0.999567
0.999562
0.999551
0.999523
0.999509
0.999510
0.999500
0.999499
0.999517
0.999517
0.999549
0.999529
0.999526
0.999482
0.999437
0.999415
0.999394
0.999235
0.999243
0.999250
0.999269
0.999270
0.999275
0.999503
0.999532
0.999596
0.999599
0.999620
0.999634
0.999689
0.999701
0.999834
0.999897
0.999905
0.999931
0.999948
0.999957
1.000061
1.000213
1.000357
1.000403
1.000425
1.000506
1.000516
1.000871
1.000894
1.000958
1.001077
1.001146
1.001249
1.001357
1.001357
1.001391
1.001500
1.001575
1.001606
1.001783
1.001899
1.002926
1.003084
1.003538
1.003582
1.003712
1.003837
1.003857
1.003995
1.004113
1.004193
1.004543
1.004691
1.005306
1.005406
1.005470
1.006345
1.006394
1.007066
1.007066
1.007464
1.007772
1.007950
1.008563
1.009255
1.009367
1.009453
1.009464
1.009540
1.009573
1.009707
1.009817
1.009832
1.009959
1.009974
1.010028
1.010065
1.010097
1.010180
1.010180
1.010304
1.010316
1.010284
1.010339
1.010346
1.009965
1.009965
1.009863
1.009807
1.009807
1.009753
1.009674
1.009674
1.009652
1.009521
1.009515
1.009473
1.009473
1.009450
1.009434
1.009408
1.009307
1.009192
1.009106
1.009086
1.009076
1.009055
1.008984
1.008811
1.008702
1.008676
1.008628
1.008524
1.008420
1.008124
1.008124
1.007861
1.007830
1.007317
1.007233
1.007055
1.005415
1.005234
1.004708
1.004522
1.004446
1.004308
1.004070
1.003919
1.003459
1.003394
1.003241
1.003132
1.002767
1.002529
1.002415
1.002260
1.002117
1.001919
1.001861
1.001438
1.000972
1.000846
1.000588
0.998539
0.998539
0.998608
0.998586
0.998360
0.998317
0.997863
0.997863
0.997533
0.997533
0.997309
0.997178
0.997133
0.997108
0.996886
0.996771
0.996649
0.996404
0.996140
0.995038
0.994814
0.994638
0.994478
0.994462
0.994125
0.993947
0.993662
0.993476
0.993102
0.993102
0.992774
0.992657
0.992497
0.992379
0.992328
0.992291
0.992225
0.991037
0.990856
0.990808
0.990774
0.990774
0.990662
0.990659
0.990659
0.990638
0.990615
0.990606
0.990587
0.990582
0.990580
0.990473
0.990476
0.990476
0.990484
0.990484
0.990492
0.990493
0.990494
0.990485
0.990472
0.990436
0.990408
0.990397
0.990023
0.989973
0.989877
0.989775
0.989651
0.989620
0.989545
0.989507
0.989467
0.989438
0.989421
0.989413
0.989401
0.989378
0.989351
0.989296
0.989221
0.989024
0.989024
0.988970
0.988862
0.988837
0.988789
0.988757
0.988743
0.988634
0.988500
0.988441
0.988363
0.959916
0.959956
0.965587
0.971032
0.973033
0.973415
0.977134
0.979949
0.982903
0.986393
0.987259
0.994197
1.012060
1.026680
1.029184
1.032189
1.033062
1.033252
1.032633
1.032626
1.031468
1.031080
1.029413
1.028476
1.025545
1.013782
1.011432
1.005594
1.002017
0.986403
0.983744
0.982253
0.980054
0.978714
0.977025
0.974806
0.972426
0.971452
0.970763
0.969635
0.969266
0.968344
0.969322
0.970463
0.971336
0.972586
0.972800
0.974303
0.976735
0.977290
0.981138
1.021648
1.021883
1.023895
1.025553
1.027636
1.037217
1.037098
1.036003
1.035112
1.034749
1.016851
1.013915
0.992675
0.993548
0.995996
1.000125
1.002289
1.012127
1.015327
1.017170
1.019749
1.023000
1.025295
1.027485
1.027922
1.030843
1.031197
1.032268
1.033183
1.032580
1.032504
1.029531
1.027525
1.022979
1.018969
1.017418
1.011547
1.008781
1.006353
1.003527
1.000718
0.997283
0.994433
0.991165
0.989365
0.986340
0.984420
0.980323
0.977415
0.973605
0.971252
0.971024
0.969678
0.969417
0.968387
0.968278
0.968275
0.968475
0.974552
1.101744
1.024494
0.881151
1.002087
1.108752
0.954437
0.934039
0.974252
1.101382
1.001109
0.895762
1.020791
0.896454
1.091882
1.131504
1.112683
0.903790
0.885597
0.923907
1.064389
1.066418
0.970093
0.889297
0.907513
1.114784
1.121552
1.104195
0.918078
0.897863
1.000763
1.000059
1.000107
0.998906
0.997770
0.996201
0.994426
0.994869
0.995298
0.997101
1.001312
1.004223
1.006280
0.994738
0.995135
0.995330
0.996193
0.999367
1.002032
1.004228
1.006032
1.007036
1.006172
1.004355
1.002067
1.012522
1.012884
1.012178
0.992929
0.991751
0.989663
0.988382
0.987284
0.987593
0.990765
0.993661
0.996500
0.999944
1.003474
1.005600
1.007194
1.006673
1.005602
1.005665
1.004501
1.003776
1.001497
1.000003
0.999960
1.006983
0.995458
0.984132
0.971394
0.958967
0.946811
0.936665
0.926198
0.915636
0.898959
0.889623
0.879047
0.872873
0.865970
0.859636
0.857043
0.855215
0.853123
0.856741
0.858747
0.862533
0.866154
0.870175
0.874167
0.879514
0.885144
0.892353
0.904979
0.913855
0.922936
0.942208
0.952126
0.971078
1.014405
1.023790
1.033387
1.042629
1.098436
1.120614
1.131669
1.142198
1.152338
1.162235
1.171681
1.187008
1.195602
1.204425
1.213056
1.221147
1.229168
1.236847
1.243677
1.249244
1.029328
1.043828
1.058113
1.077239
1.097679
1.116378
1.132085
1.145866
1.157877
1.163910
1.165830
1.165542
1.161692
1.154275
1.143533
1.129333
1.112468
1.093056
1.071256
1.049605
1.029896
1.009975
0.989429
0.969764
0.949532
0.928432
0.907259
0.885627
0.865923
0.846812
0.827865
0.810932
0.799971
0.793645
0.792450
0.800153
0.807087
0.815763
0.827701
0.843095
0.860157
0.877847
0.895353
0.912612
0.930087
0.946746
0.964376
0.982617
1.005080
1.026762
1.051835
1.072553
1.091948
1.111582
1.127246
1.141654
1.153999
1.162806
1.169111
1.171719
1.170855
1.166104
1.157404
1.145125
1.128869
1.111234
1.086828
1.065048
1.033769
1.005229
0.985272
0.967538
0.935793
0.909637
0.880155
0.854097
0.827943
0.804193
0.789064
0.777318
0.772227
0.858804
0.849799
0.842200
0.834999
0.829741
0.825413
0.817618
0.812938
0.812686
0.810985
0.809100
0.806718
0.804419
0.801546
0.799063
0.798789
0.800319
0.806108
0.811815
0.818882
0.826874
0.834970
0.843914
0.855451
0.868323
0.880834
0.892859
0.905135
0.916758
0.928486
0.939269
0.949984
0.960314
0.970843
0.981510
0.992075
1.002658
1.012213
1.021192
1.054834
1.062776
1.068789
1.076793
1.083383
1.090029
1.096707
1.103679
1.112412
1.121033
1.130772
1.140813
1.150140
1.158577
1.167008
1.174482
1.181259
1.187702
1.193890
1.199113
1.203652
1.201930
1.197317
1.191893
1.185721
1.178761
1.171105
1.162940
1.153970
1.144592
1.124744
1.114315
1.104843
1.094822
1.085652
1.076162
1.056921
1.047134
1.017854
1.008254
0.998791
0.988836
1.119192
0.882354
0.827122
0.803736
0.794850
0.788461
0.798555
0.822280
0.860349
0.911454
0.953485
0.989596
1.023006
1.047918
1.071998
1.107504
1.140955
1.167223
1.184825
1.192486
1.193071
1.184808
1.169100
1.141922
1.109726
1.076957
1.042257
1.008318
0.976718
0.939705
0.906541
0.878004
0.845802
0.826488
0.817293
0.819907
0.829156
0.844334
0.871389
0.899966
0.926394
0.956059
0.984898
1.012395
1.047380
1.080685
1.108949
1.137237
1.161419
1.181654
1.195714
1.200905
1.193848
1.174318
1.149747
1.121878
1.082858
1.048106
1.018328
0.983814
0.951166
0.916652
0.873176
0.843026
0.819021
0.802561
0.794852
0.786530
0.798831
0.822264
0.862564
0.906246
0.941036
0.977082
1.010396
1.038317
1.062363
1.087666
1.116882
1.147102
1.171747
1.186553
1.193185
1.192696
1.183745
1.166163
1.138318
1.107882
1.073748
1.039049
1.007707
0.974511
0.937740
0.903808
0.864499
0.838069
0.827451
1.195689
1.208557
1.210077
1.198082
1.175354
1.142588
1.096009
1.059256
1.021022
0.976449
0.931370
0.895203
0.856748
0.836062
0.829204
0.837397
0.852877
0.881588
0.919955
0.952625
0.986109
1.025235
1.063210
1.103120
1.140925
1.196322
1.217447
1.206300
1.139683
1.097816
1.050513
1.015541
0.930883
0.885447
0.848857
0.821166
0.810372
0.799741
0.803540
0.830613
0.875313
0.929851
0.970681
1.010143
1.050675
1.107974
1.180715
1.206556
1.188647
1.154943
1.119093
1.078614
1.034532
0.993724
0.955509
0.912064
0.876611
0.847859
0.830205
0.831757
0.843351
0.902507
0.934593
1.006232
1.043795
1.089104
1.124142
1.154625
1.187663
1.217718
1.194101
1.164222
1.078844
1.040648
1.000146
0.959366
0.917405
0.866075
0.834906
0.815513
0.807530
0.799543
0.857603
0.955948
1.010708
1.015229
1.019894
1.024410
1.028440
1.032565
1.036852
1.040917
1.044968
1.048472
1.052560
1.056278
1.059678
1.063898
1.067301
1.070823
1.074724
1.078507
1.082188
1.086381
1.090724
1.095223
1.099413
1.104125
1.108921
1.113754
1.118671
1.123400
1.127957
1.132324
1.136586
1.140664
1.144503
1.148185
1.151791
1.155219
1.158444
1.161667
1.164783
1.167733
1.170467
1.172955
1.175191
1.177291
1.179080
1.180637
1.182064
1.183184
1.184077
1.184714
1.185098
1.185268
1.185341
1.185366
1.185234
1.184889
1.184414
1.183665
1.182706
1.181486
1.180031
1.178467
1.176598
1.174543
1.172323
1.169863
1.167258
1.164481
1.161432
1.158198
1.154677
1.150972
1.147109
1.143115
1.138912
1.134521
1.129975
1.125232
1.120583
1.115678
1.110606
1.105292
1.100317
1.095364
1.089540
1.084184
1.078484
1.073986
1.068403
1.064039
1.058991
1.054130
1.044031
1.039113
1.033952
1.028902
1.024196
1.018795
1.013678
1.008498
1.003257
0.998286
0.993283
0.988135
0.982954
0.977718
0.972351
0.966953
0.961848
0.956407
0.951038
0.945560
0.940100
0.934718
0.929670
0.924446
0.919153
0.914141
0.909311
0.905139
0.900476
0.895673
0.890933
0.886776
0.881978
0.877318
0.872998
0.868177
0.863338
0.859817
0.855148
0.826131
0.823243
0.820903
0.818097
0.817160
0.816129
0.815591
0.815218
0.815419
0.816743
0.817662
0.818597
0.819656
0.820786
0.821896
0.823593
0.825545
0.827655
0.830072
0.836190
0.840037
0.843638
0.847594
0.855301
0.859362
0.863661
0.868087
0.872588
0.876879
0.881126
0.885438
0.889761
0.894206
0.898571
0.903006
0.907300
0.911718
0.916170
0.920609
0.924962
0.929301
0.933689
0.938172
0.942465
0.946776
0.951309
0.951309
0.955890
0.960505
0.965126
0.969843
0.974509
0.979199
0.983897
0.988903
0.993698
0.998635
1.003798
1.008270
1.013293
1.035715
1.041116
1.046578
1.051892
1.056996
1.062359
1.067420
1.072299
1.076909
1.081931
1.086577
1.091293
1.095711
1.104500
1.113102
1.117337
1.121415
1.125441
1.129478
1.133594
1.137302
1.140998
1.151897
1.155585
1.159067
1.162248
1.192545
1.186223
1.184182
1.181973
1.179481
1.176658
1.163373
1.159171
1.155087
1.150903
1.146219
1.141256
1.136794
1.131324
1.126846
1.122540
1.117897
1.113285
1.103442
1.092993
1.087407
1.081582
1.075547
1.069610
1.063317
1.057141
1.051911
1.045625
1.041078
1.035921
1.030738
1.026189
1.022075
1.017269
1.012989
1.008479
1.003727
0.999222
0.994284
0.989331
0.984086
0.979030
0.973698
0.968484
0.962962
0.957406
0.951798
0.946385
0.940870
0.935289
0.928857
0.923344
0.917377
0.911209
0.905658
0.899628
0.893169
0.887551
0.880975
0.875233
0.868964
0.862908
0.858898
0.854301
0.849068
0.844749
0.840179
0.835870
0.831004
0.826071
0.822521
0.819533
0.815619
0.813350
0.809604
0.805053
0.801930
0.800824
0.800798
0.800989
0.799952
0.799840
0.798337
0.797481
0.796994
0.794662
0.793203
0.796955
0.799175
0.805829
0.810087
0.814243
0.818631
0.824857
0.857854
0.864569
0.871233
0.877746
0.884353
0.890804
0.896822
0.903076
0.909355
0.915745
0.921640
0.927610
0.933390
0.939125
0.944331
1.036099
1.030878
1.026088
1.021008
1.015619
1.010420
1.005208
1.000214
0.995102
0.989859
0.984659
0.979447
0.974031
0.968568
0.963457
0.958141
0.952574
0.947173
0.941516
0.936094
0.930760
0.925688
0.920417
0.915197
0.910162
0.904911
0.900276
0.896496
0.891660
0.886868
0.882656
0.877831
0.873199
0.868803
0.863924
0.859025
0.855596
0.850820
0.846101
0.842308
0.839800
0.836649
0.832479
0.829131
0.825883
0.824190
0.819923
0.816930
0.816107
0.816107
0.813498
0.816806
0.817780
0.818942
0.820124
0.821811
0.823872
0.825816
0.828225
0.830991
0.834364
0.838191
0.841878
0.845843
0.849615
0.853541
0.857858
0.862176
0.866487
0.871012
0.875292
0.879611
0.883915
0.888264
0.892753
0.897180
0.901689
0.905981
0.910472
0.914910
0.919426
0.923784
0.928176
0.932572
0.937128
0.941408
0.945820
0.950385
0.955078
0.959643
0.964460
0.969085
0.969085
0.973881
0.978468
0.983491
0.988379
0.993168
0.998275
1.003304
1.007983
1.013317
1.018906
1.024099
1.029441
1.034611
1.040080
1.045579
1.050749
1.056174
1.103279
1.107612
1.111867
1.115984
1.120086
1.124081
1.128244
1.132225
1.135859
1.139622
1.143299
1.146905
1.150483
1.154134
1.157553
1.160682
1.163961
1.167195
1.173144
1.175693
1.178013
1.180062
1.181903
1.183525
1.185114
1.186558
1.187851
1.189019
1.189906
1.190501
1.190875
1.191073
1.191044
1.190722
1.190180
1.189300
1.188233
1.186964
1.185423
1.183571
1.181512
1.179225
1.176729
1.173842
1.170837
1.167588
1.164086
1.160293
1.156079
1.151953
1.147841
1.142731
1.138173
1.133430
1.128224
1.123770
1.119534
1.114761
1.110065
1.105238
1.100220
1.059767
1.043354
1.037702
1.032502
1.027405
1.023227
1.019194
1.014312
1.009789
1.005349
1.000632
0.996067
0.991150
0.986318
0.980973
0.975787
0.970528
0.965056
0.959634
0.953993
0.948486
0.943180
0.937776
0.931646
0.925643
0.920142
0.913637
0.907974
0.814235
0.811334
0.808820
0.809188
0.809836
0.809045
0.810600
0.811048
0.811559
0.812879
0.813065
0.816291
0.818209
0.820783
0.821952
0.823150
0.825868
0.828194
0.831130
0.832762
0.835181
0.837920
0.840372
0.843144
0.846466
0.849640
0.852976
0.856087
0.859709
0.863853
0.867079
0.871015
0.874510
0.878051
0.881687
0.885691
0.889360
0.893158
0.897049
0.901208
0.905156
0.909138
0.913211
0.916974
0.920629
0.924444
0.928235
0.931943
0.935870
0.939665
0.943776
0.947647
0.951559
0.955490
0.959346
0.963367
0.966954
0.970648
0.974388
0.983916
0.987679
0.991871
0.995782
0.999833
1.003843
1.007709
1.011767
1.015916
1.020212
1.024417
1.028309
1.032294
1.036142
1.040481
1.044514
1.048725
1.052838
1.057417
1.062238
1.066428
1.071042
1.075582
1.080101
1.084693
1.089338
1.093871
1.097975
1.102160
1.106509
1.110482
1.114868
1.118850
1.122755
1.126535
1.130382
1.134421
1.138247
1.141922
1.145605
1.149222
1.152749
1.156383
1.159984
1.163271
1.166557
1.169920
1.173288
1.176451
1.179629
1.227879
1.228321
1.228654
1.228853
1.228786
1.228499
1.228111
1.227578
1.226854
1.226040
1.225031
1.223811
1.222426
1.220826
1.219156
1.217101
1.215005
1.212465
1.210058
1.207511
1.205027
1.202175
1.198741
1.195830
1.192670
1.188777
1.185320
1.181639
1.177664
1.173999
1.169969
1.165528
1.162069
1.158403
1.154621
1.150560
1.146340
1.142090
1.137790
1.133372
1.128848
1.124053
1.119203
1.114121
1.108907
1.103386
1.098047
1.092446
1.087175
1.082030
1.077157
1.072221
1.068084
1.062769
1.058326
1.053636
1.048938
1.044653
1.040241
1.035939
1.031546
1.027660
1.023468
1.019344
1.014508
1.009986
1.005417
1.000063
0.994990
0.990673
0.985957
0.979723
0.974899
0.970095
0.964718
0.960030
0.954695
0.949929
0.944059
0.938695
0.934346
0.929958
0.923142
0.918080
0.912742
0.908288
0.902740
0.897711
0.891951
0.885894
0.881077
0.875038
0.870703
0.864348
0.860299
0.855300
0.852091
0.848944
0.845006
0.840948
0.837326
0.834717
0.831545
0.828890
0.825251
0.820903
0.819495
0.816935
0.815059
0.812177
0.808968
0.808698
0.808376
0.807439
0.806772
0.804460
0.804471
0.803702
0.801164
0.801190
1.119824
1.143319
1.162086
1.175429
1.182068
1.183216
1.178633
1.167823
1.150922
1.128168
1.101166
1.070926
1.042069
1.013872
0.987061
0.831557
0.795516
0.776214
0.777885
0.794922
0.819448
0.850234
0.883802
0.917164
0.949079
0.983217
1.017250
1.088636
1.119761
1.148385
1.170815
1.183363
1.184791
1.172952
1.148974
1.117030
1.080043
1.034368
0.994633
0.956209
0.911914
0.866912
0.821414
0.792427
0.773881
0.763869
1.178818
1.163109
1.136501
1.100668
1.059829
1.021450
0.984777
0.947272
0.905382
0.823359
0.791361
0.774974
0.780382
0.798872
1.021844
1.026185
1.026467
1.026468
1.026230
1.025543
1.024534
1.023174
1.021507
1.019439
1.016964
1.014358
1.011556
1.007841
1.004370
1.000896
0.996445
0.992322
0.987627
0.982994
0.977900
0.973006
0.968586
0.963758
0.958559
0.953380
0.948049
0.796689
0.815426
0.824944
0.832451
0.840002
0.848009
0.855738
0.863127
0.870965
0.878926
0.887327
0.894789
0.902899
0.910281
0.917501
0.924263
0.931108
0.937757
0.943898
0.950911
0.957147
0.962793
0.968461
0.974447
0.980022
0.985297
0.989865
0.994040
0.998146
1.002600
1.006734
1.010918
1.015580
1.019200
1.024783
1.029306
1.033384
1.039891
1.046005
1.051631
1.057458
1.063355
1.069406
1.076383
1.082609
1.088257
1.093369
1.098573
1.103556
1.108319
1.113727
1.118005
1.121978
1.125721
1.129067
1.132596
1.135395
1.138312
1.140494
1.142314
1.143844
0.972740
0.893910
0.824057
0.794358
0.769857
0.819503
0.899881
0.975910
1.046043
1.087417
1.153183
1.204794
1.228723
1.218520
1.170537
1.102971
1.032944
0.968088
0.837672
0.900443
0.956305
1.142145
0.998501
0.995330
0.993162
0.990315
0.991590
0.995985
0.996189
0.995258
0.996090
0.995910
0.995065
0.994656
0.998151
1.014440
1.022091
1.019004
1.015016
1.009442
1.003039
0.998864
0.995743
0.993934
0.995685
0.996542
0.994403
0.995777
0.994172
0.993947
0.999782
1.010206
1.018410
1.021737
1.019113
1.015070
1.004261
0.998863
0.995820
0.993810
0.988967
0.992775
0.996013
0.994300
0.993287
0.994543
0.995809
0.994340
0.994596
0.998961
0.996151
0.993347
0.991730
0.987393
0.993960
0.993675
0.991787
0.992602
0.992242
0.992501
1.011197
1.017632
1.020021
1.017632
1.014363
1.010235
1.005227
0.999807
0.996326
0.993564
0.989648
1.237018
1.237061
1.236844
1.235304
1.233610
1.230610
1.226609
1.221627
1.216168
1.210208
1.203426
1.195875
1.187628
1.178106
1.168249
1.157492
1.146411
1.134829
1.123315
1.113059
1.101993
1.091562
1.079945
1.070028
1.059095
1.049666
1.039268
1.028693
1.017462
1.007056
0.996365
0.985556
0.974485
0.961647
0.949240
0.936673
0.881718
0.868305
0.855848
0.844145
0.830141
0.816775
0.804455
0.796947
0.790275
0.783483
0.776694
0.769943
0.764344
0.760196
0.756994
0.753442
0.755489
0.755337
0.756003
0.763124
0.768003
0.775469
0.788143
0.793496
0.805034
0.816478
0.826563
0.838852
0.850055
0.861359
0.883173
0.893702
0.904115
0.914648
0.924773
0.934926
0.945058
0.955384
0.966081
0.976476
0.987698
0.997297
1.007666
1.017814
1.028282
1.038549
1.048474
1.058879
1.070773
1.081619
1.092735
1.102973
1.113637
1.123104
1.132411
1.141639
1.150390
1.159132
1.167405
1.174961
1.182511
1.189964
1.197335
1.219420
1.219420
1.224319
1.228356
1.231481
1.233461
1.234505
1.234705
1.233809
1.231866
1.229461
1.226149
1.221503
1.216248
1.209927
1.202446
1.195299
1.187019
1.179179
1.171061
1.161752
1.151822
1.141754
1.130308
1.118480
1.106019
1.093551
1.080385
1.065870
1.049917
1.038816
1.027762
1.016806
1.005389
0.994103
0.983310
0.968091
0.955615
0.941986
0.912269
0.897352
0.880422
0.864627
0.848333
0.832609
0.817899
0.800815
0.789433
0.777671
0.766256
0.755339
0.752229
0.751552
0.746762
0.745042
0.739920
0.740654
0.736256
0.734367
0.732399
0.732730
0.734383
0.736435
0.924540
0.903560
0.881332
0.838420
0.817624
0.804524
0.792963
0.780964
0.769643
0.762497
0.760263
0.763177
0.767056
0.779917
0.798349
0.814047
0.831906
0.853781
0.872811
0.943269
0.959291
0.976119
0.993039
1.009370
1.025612
1.042346
1.058926
1.076753
1.095118
1.111699
1.128036
1.143249
1.157908
1.171621
1.184252
1.196094
1.208037
1.219613
1.230233
1.238973
1.245255
1.249298
1.250868
1.251002
1.249317
1.245115
1.239423
1.231166
1.221022
1.200717
1.184637
1.169069
1.151133
1.131294
1.108995
1.085817
1.063157
1.042876
1.022820
1.004049
0.983901
0.933553
0.909855
0.882392
0.853171
0.827576
0.801709
0.780334
0.765830
0.754251
0.742546
0.738398
0.734709
0.736794
0.742420
0.752443
0.768265
0.787561
0.808244
0.829854
0.851474
0.874386
0.898242
0.923139
0.947545
0.971644
0.993909
1.014641
1.033374
1.051842
1.067554
1.081876
1.095641
1.110665
1.125773
1.141258
1.169549
1.182648
1.182648
1.195581
1.210251
1.222089
1.234085
1.252417
1.093911
1.071091
1.047578
1.009022
0.967353
0.943006
0.870377
0.841100
0.811064
0.782225
0.756240
0.728614
0.724970
0.721652
0.714598
0.711046
0.710714
0.715151
0.720385
0.731825
0.746869
0.764540
0.785057
0.808313
0.833106
0.858292
0.883763
0.908645
0.933431
0.958518
0.981578
1.003035
1.021725
1.039629
1.058074
1.073964
1.089601
1.104856
1.120150
1.135223
1.152467
1.166109
1.179093
1.192666
1.205436
1.217279
1.226941
1.238012
1.239662
1.239634
1.237571
1.233014
1.225557
1.216002
1.204139
1.190134
1.173740
1.155512
1.136209
1.116817
1.097989
1.079063
1.059455
1.040704
1.021508
1.003202
0.983635
0.963623
0.941669
0.921357
0.875539
0.854289
0.833836
0.815350
0.801537
0.790328
0.778707
0.766491
0.753796
0.746154
0.742703
0.746548
0.750200
0.765634
0.784543
0.802497
0.821293
0.842309
0.860383
0.879428
0.898092
0.916909
0.935463
0.954796
0.974133
0.993311
1.011379
1.011379
1.031632
1.052784
1.073305
1.092896
1.111101
1.128360
1.144513
1.159618
1.173443
1.186847
1.199943
1.212060
1.222420
1.235714
1.238023
1.237853
1.236172
1.232263
1.225098
1.215917
1.198950
1.183696
1.168834
1.152936
1.134549
1.113843
1.091714
0.857799
0.880652
0.903565
0.949008
0.972933
0.993775
1.013412
1.032073
1.049803
1.067139
1.082775
1.096919
1.112342
1.126480
1.140741
1.153948
1.166601
1.179735
1.192775
1.204491
1.214273
1.221542
1.226120
1.228406
1.228711
1.227247
1.223390
1.216808
1.208013
1.197130
1.183948
1.168386
1.151323
1.132036
1.113331
1.093779
1.075498
1.056427
1.037907
1.018131
0.999286
0.980076
0.960034
0.938795
0.918470
0.896612
0.875877
0.854680
0.825021
0.807682
0.787511
0.776051
0.760970
0.748398
0.739136
0.735788
0.735407
0.740410
0.756005
0.772393
0.789730
0.810517
0.829822
0.848443
0.867248
0.885955
0.904326
0.923183
0.942731
0.961707
0.980581
0.999421
1.020458
1.041434
1.062165
1.081425
1.099612
1.116625
1.132503
1.147554
1.161601
1.175151
1.188557
1.200953
1.211505
1.219953
1.225442
1.227839
1.227991
1.226416
1.222703
1.216545
1.207115
1.194734
1.180350
1.164365
1.149400
1.132591
1.113169
1.092018
1.092018
1.046045
0.967494
0.857588
0.828842
0.799179
0.770532
0.743113
0.727293
0.716515
0.711023
0.704657
0.701599
0.715188
0.728705
0.742950
0.759998
0.782940
0.832427
0.857400
0.882520
0.907758
0.932404
0.812343
0.823690
0.871891
0.887227
0.933074
0.951630
0.991753
1.003869
1.048832
1.051891
1.110498
1.112963
1.153666
1.157808
1.192820
1.203413
1.214321
1.214423
1.209241
1.207953
1.176504
1.172774
1.129989
1.125096
1.078409
1.075189
1.009602
1.007105
0.950199
0.946289
0.870684
0.866435
0.771794
0.756407
0.713923
0.700278
0.694645
0.691831
0.698432
0.698903
0.717592
0.723421
0.768224
0.773978
0.848243
0.852122
0.920291
0.924074
0.999981
1.002692
1.048404
1.051188
1.097304
1.099751
1.139850
1.141743
1.177567
1.179448
1.207448
1.208291
1.213662
1.213511
1.199250
1.197900
1.160343
1.157847
1.102776
1.100388
1.043709
1.041001
0.983414
0.980526
0.918260
0.915220
0.851368
0.848420
0.798009
0.795499
0.760023
0.758090
0.728830
0.728888
0.738794
0.742513
0.794855
0.797278
0.920418
0.923431
0.964635
0.967727
1.031970
1.035244
1.092813
1.095360
1.142642
1.144694
1.185212
1.187004
1.209392
1.210231
1.213581
1.213137
1.197051
1.195545
1.156700
1.153732
1.103583
1.100725
1.034989
1.031546
0.975075
0.971895
0.902584
0.899305
1.268891
1.261783
1.252070
1.238999
1.222854
1.205157
1.189417
1.171626
1.151246
1.128926
1.105062
1.080596
1.061718
1.041740
1.021424
0.998392
0.974557
0.948652
0.922428
0.893914
0.863551
0.835271
0.767954
0.749649
0.741146
0.735889
0.730585
0.726885
0.726859
0.731131
0.738356
0.750362
0.764866
0.797156
0.823082
0.848731
0.875833
0.902974
0.929650
0.956117
0.981420
1.005199
1.028813
1.049143
1.049143
1.068703
1.088004
1.105764
1.120732
1.136927
1.152639
1.168429
1.206101
1.164964
1.144522
1.119500
1.093834
1.073861
1.053402
1.053402
0.754010
0.749829
0.755100
0.766487
0.782748
0.807360
0.837761
0.854864
0.872762
0.889728
0.906879
0.923825
1.041561
1.061408
1.080178
1.097858
1.114379
1.130676
1.182845
1.195249
1.207677
1.226337
1.236012
1.243676
1.248801
1.251621
1.252134
1.251460
1.248861
1.244288
1.237092
1.228135
1.216413
1.203390
1.187061
1.172340
1.157183
1.122051
1.067480
1.015842
0.934266
0.910811
0.886028
0.860838
0.753405
0.741008
0.730065
0.723430
0.720049
0.715071
0.712995
0.716078
0.727263
0.739158
0.752462
0.766117
0.784179
0.807243
0.829804
0.853302
0.903980
0.950195
0.993267
1.012940
1.048839
1.065326
1.081481
1.095382
1.109665
1.137136
1.149579
1.162031
1.173991
1.185717
1.197708
1.209779
1.220932
1.231044
1.239136
1.249643
1.250111
1.249420
1.247181
1.242644
1.235807
1.227483
1.217310
1.205298
1.176224
1.159366
1.141571
1.123518
1.090188
1.090188
1.073454
1.056281
1.038237
1.020604
1.001401
0.961594
0.942357
0.923739
0.904126
0.842299
0.807001
0.796282
0.785541
0.773993
0.762511
0.754434
0.750969
0.751031
0.752875
0.765076
0.776256
0.792834
0.811109
0.827722
0.846653
0.863743
0.881149
0.898024
0.915318
0.932726
0.957326
0.975366
0.993261
1.012608
1.032302
1.051751
1.071149
1.089841
1.106955
1.139092
0.737889
0.754051
0.771233
0.795631
0.820470
0.846273
0.914032
0.939098
0.962905
0.986763
0.986763
1.042589
1.060353
1.076539
1.092896
1.107649
1.136482
1.150422
1.163373
1.176058
1.189331
1.202115
1.230694
1.236970
1.235436
1.231612
1.157200
1.137444
1.118526
1.065623
1.046982
1.027844
1.008481
0.987864
0.966248
0.944168
0.923774
0.871200
0.850278
0.829635
0.809298
0.746735
0.742903
0.744166
0.755659
0.770725
0.858569
0.985750
1.004679
1.023753
1.047637
1.068167
1.087454
1.105837
1.163231
1.177310
1.198493
1.226565
1.233870
1.238177
1.238111
1.234256
1.227583
1.218235
1.189518
1.171405
1.155679
1.132028
1.111733
1.090208
1.066634
1.046180
1.027382
0.977442
0.954077
0.917840
0.891012
0.863593
0.836464
0.805379
0.758894
0.739231
0.728585
0.717432
0.713879
0.705674
0.709674
1.115661
1.098216
1.082869
1.068566
1.054023
1.039470
1.024139
1.008836
0.992188
0.975917
0.812236
0.826044
0.839755
0.885723
0.901161
0.916798
1.035028
1.053368
1.070856
1.088111
1.104243
1.119389
1.133651
1.223318
1.224376
1.223410
1.220068
1.214291
1.206077
1.182429
1.167143
1.149868
1.131626
1.113209
1.094138
1.073565
1.052958
1.037476
1.021815
1.004984
0.987305
0.968124
0.947165
0.926585
0.905653
0.884502
0.863523
0.843146
0.825318
0.809090
0.797915
0.782133
0.772815
0.744429
0.741511
0.741506
1.100974
1.113845
1.126834
1.139494
1.152379
1.198006
1.211611
1.215352
1.216999
1.217144
1.215288
1.204346
1.204346
1.195576
1.184728
1.172011
1.157525
1.141961
1.124892
1.106357
1.087580
1.072259
1.056159
1.039744
1.022650
1.005591
0.986995
0.968499
0.948847
0.928576
0.907328
0.885074
0.865193
0.846671
0.827518
0.811066
0.794813
0.782999
0.776747
0.769145
0.768250
0.766343
0.772331
0.776931
0.789304
0.800021
0.814637
0.829811
0.846359
0.863328
0.914080
0.932401
0.951088
0.970246
1.081722
1.098273
1.114036
0.757308
0.758558
0.778011
0.779538
0.796944
0.798082
0.824293
0.825751
0.844780
0.846319
0.869953
0.871422
0.892837
0.894610
0.921162
0.923079
0.951020
0.952691
0.979898
0.981782
1.003300
1.004880
1.030182
1.031761
1.056452
1.058004
1.080504
1.081883
1.102604
1.103846
1.123229
1.124437
1.143100
1.144249
1.161162
1.162162
1.174971
1.175609
1.182845
1.183116
1.185650
1.185680
1.183414
1.183098
1.175233
1.174582
1.158728
1.157607
1.140149
1.138807
1.114244
1.112460
1.084709
1.083172
1.055559
1.053671
1.023300
1.021700
0.998729
0.997451
0.970400
0.968727
0.946928
0.945258
0.916197
0.912856
0.885164
0.882922
0.780931
0.780172
0.770494
0.768565
0.754526
0.753276
0.736465
0.734896
0.724161
0.723541
0.717443
0.717779
0.725887
0.726682
0.746526
0.747988
0.771833
0.776044
0.799599
0.801155
0.831401
0.833649
0.867132
0.869265
0.903664
0.905839
0.937800
0.939679
0.968814
0.970457
0.997167
0.998675
1.022247
1.023739
1.045000
1.046302
1.066242
1.067426
1.086027
1.087073
1.105929
1.107069
1.125982
1.127162
1.144982
1.146003
1.160780
1.161615
1.171713
1.172203
1.177449
1.177622
1.178652
1.178599
1.175376
1.174984
1.166395
1.165718
1.152186
1.151197
1.133115
1.131873
1.110456
1.108913
1.083959
1.081841
1.055021
1.053590
1.031165
1.029676
1.006302
1.004773
0.980633
0.978949
0.953168
0.951375
0.923531
0.921645
0.892258
0.890430
0.859449
0.857561
0.830123
0.828438
0.800867
0.798840
0.773470
0.772316
0.757916
0.758260
0.749181
0.748325
0.744769
0.744875
0.935160
0.936757
0.964736
0.966328
0.994093
0.995826
1.022166
1.023735
1.048607
1.050242
1.073622
1.075028
1.106007
1.107247
1.120680
1.121820
1.142162
1.143251
1.161580
1.162516
1.176104
1.176714
1.181930
1.182260
1.185687
1.185738
1.183814
1.183522
1.175193
1.174534
1.166275
1.165317
1.147991
1.146734
1.124510
1.122992
1.096236
1.094541
1.067587
1.065777
1.035952
1.033899
1.008137
1.007007
0.984164
0.982778
0.957157
0.955384
0.927691
0.925848
0.891896
0.893688
0.936399
0.938011
0.977504
0.978908
1.017003
1.018801
1.045590
1.066623
1.074766
1.076200
1.101560
1.102681
1.131814
1.132747
1.154447
1.155408
1.179207
1.180025
1.201076
1.201595
1.210299
1.210560
1.213809
1.213812
1.208783
1.208395
1.182326
1.181412
1.176742
1.175815
1.163358
1.162205
1.132899
1.131583
1.080949
1.079646
1.054599
1.053331
1.031396
1.030037
0.997499
0.996085
0.950132
0.948555
0.919822
0.917804
0.876028
0.874539
0.829412
0.827823
0.803440
0.801483
0.779652
0.779893
0.767405
0.768799
0.767123
0.768066
0.782634
0.783197
0.803860
0.804522
0.833541
0.834772
0.865999
0.867148
0.900258
0.901449
0.935479
0.937354
0.972666
0.973986
1.007657
1.009066
1.047520
1.048996
1.079014
1.080254
1.112944
1.114013
1.138689
1.139672
1.166418
1.167511
1.188777
1.189609
1.219404
1.219235
1.219235
1.216790
1.216444
1.200854
0.979144
0.977787
0.945280
0.943843
0.885467
0.883926
0.853085
0.851689
0.798396
0.797787
0.797231
0.795191
0.762724
0.761892
0.743615
0.737504
0.737695
0.753197
0.754270
0.860041
0.861823
0.973508
0.974931
0.993998
0.995456
1.030940
1.032110
1.042872
1.043963
1.072838
1.073804
1.100331
1.101377
1.122963
1.124053
1.149395
1.150485
1.174817
1.175785
1.195552
1.196241
1.208523
1.208836
1.213462
1.213508
1.211273
1.211037
1.200402
1.199851
1.181265
1.180330
1.154219
1.153020
1.122352
1.120924
1.085183
1.083956
1.073898
1.072798
1.042817
1.041490
1.009456
1.008229
0.973660
0.972269
0.934700
0.933105
0.892476
0.890009
0.852669
0.851129
0.813547
0.812656
0.785630
0.784843
0.770367
0.769630
0.767606
0.766993
0.776115
0.776081
0.785763
0.786718
0.810151
0.811165
0.835349
0.836580
0.865511
0.866820
0.898228
0.899399
0.931688
0.932918
0.968054
0.969662
1.006457
1.007872
1.043753
1.045445
1.078812
1.080173
1.110654
1.111848
1.139111
1.140118
1.123959
1.143426
1.167652
1.195820
1.202649
1.207354
1.209799
1.210541
1.209705
1.206924
1.201789
1.194236
1.184585
1.172955
1.159409
1.144299
1.127700
1.109521
1.090775
1.048973
1.032067
1.014584
0.997163
0.978906
0.959327
0.938854
0.917174
0.893785
0.874105
0.853753
0.833404
0.813154
0.793412
0.779318
0.771357
0.760449
0.754713
0.750811
0.750642
0.754944
0.761590
0.769989
0.786036
0.801599
0.817595
0.834892
0.858185
0.875445
0.891798
0.908092
0.925996
0.944597
0.963341
0.981754
1.002056
1.021612
1.040839
1.059299
1.076941
1.093344
1.109088
1.123846
1.137977
1.151242
1.164596
1.177439
1.189169
1.199187
1.206910
1.214983
1.209725
1.202981
1.193861
1.182086
1.159970
1.142613
1.121166
1.103785
1.085096
1.054761
1.035399
1.016787
0.999772
0.980678
0.960919
0.939541
0.906789
0.883590
0.853967
0.832431
0.806281
0.780777
0.766854
0.752306
0.738540
0.727719
0.723747
0.720726
0.718948
0.718948
0.723920
0.733366
0.747468
0.763166
0.780149
0.799977
0.821332
0.844803
0.869019
0.893328
0.917985
0.941330
0.962703
0.982801
1.002208
1.020536
1.037582
1.082015
1.095271
1.108974
1.122310
1.135794
1.148735
1.162101
1.174704
1.204835
1.208613
1.210017
1.210046
1.208305
1.204275
1.197879
1.189025
1.178366
1.165476
1.150870
1.134973
1.117455
1.098497
1.079954
1.063001
1.046713
1.029272
1.012251
0.994650
0.976254
0.952610
0.925977
0.903894
0.874452
0.846572
1.144747
1.146343
1.160593
1.162093
1.163825
1.165239
1.178455
1.179829
1.194654
1.196076
1.210149
1.211450
1.228578
1.229590
1.211318
1.209923
1.195501
1.193790
1.176256
1.174427
1.154855
1.152644
1.131358
1.129236
1.108951
1.107051
1.086357
1.067102
1.065031
1.044521
1.042891
1.022241
1.020061
0.998693
0.996341
0.973169
0.970918
0.946872
0.944532
0.922149
0.920010
0.892651
0.870579
0.867797
0.844977
0.842653
0.821193
0.819155
0.805773
0.804452
0.796253
0.794999
0.782841
0.781638
0.769993
0.769287
0.762370
0.763227
0.760877
0.760987
0.763384
0.762648
0.771253
0.771457
0.789074
0.789764
0.809117
0.811331
0.829634
0.832071
0.851626
0.853814
0.873844
0.875915
0.895352
0.897386
0.916267
0.918292
0.937632
0.939639
0.960813
0.963057
0.983948
0.986103
1.007416
1.009617
1.031919
1.034138
1.062828
1.064949
1.087142
1.089016
1.104910
1.106757
1.127413
1.148126
1.149762
1.163027
1.164561
1.181088
1.182493
1.198792
1.200176
1.211755
1.213100
1.227113
1.228313
1.239159
1.239961
1.245304
1.245819
1.249476
1.249652
1.250246
1.247661
1.247250
1.242681
1.241966
1.232556
1.231407
1.217774
1.216292
1.198757
1.196872
1.181389
1.179771
1.144592
1.142733
1.140800
1.116522
1.114042
1.086536
1.083929
1.064918
1.062732
1.041429
1.022827
1.020918
0.996004
0.993858
0.966046
0.963228
0.942242
0.939492
0.910392
0.907519
0.882001
0.879429
0.846622
0.844188
0.811216
0.808341
0.788304
0.787432
0.767974
0.765169
0.754374
0.751878
0.736055
0.734529
0.731830
0.732464
0.725488
0.724676
0.724701
0.724480
0.731971
0.732944
0.740099
0.741426
0.895964
0.920226
0.923051
0.946904
0.980407
0.982973
1.003898
1.006277
1.025584
1.027797
1.051737
1.053544
1.071937
1.234034
1.218414
1.205353
1.189379
1.171699
1.154981
1.137357
1.117965
0.919537
0.892236
0.863786
0.835124
0.803684
0.771066
0.742648
0.715880
0.705227
0.694300
0.691616
0.689722
0.692204
0.697397
0.705010
0.715745
0.730465
0.746138
0.774434
1.162703
1.175722
1.188904
1.202508
1.214982
1.236232
1.240961
1.241799
1.241254
1.238596
1.233217
1.222274
1.211382
1.198289
1.092893
1.073832
1.055167
1.035142
1.015633
0.994992
0.974141
0.952253
0.831519
0.809303
0.797570
0.785501
0.758567
0.772395
0.793150
0.819552
0.848198
0.867567
0.887193
0.907172
0.927597
0.948092
0.968392
0.989038
1.009981
1.032142
1.054206
1.074565
1.139027
1.155068
1.201542
1.201542
1.223009
1.232224
1.238213
1.241225
1.241470
1.239526
1.234746
1.227253
1.217276
1.204410
1.188367
1.169798
1.153299
1.135507
1.115636
1.093606
1.069117
1.047782
1.028736
1.008849
0.986834
0.964626
0.940768
0.915784
0.887686
0.859465
0.830184
0.799101
0.750327
0.712530
0.692473
0.753019
0.716746
0.707379
0.710253
0.724138
0.737323
0.758120
0.794651
0.812142
0.830407
0.849824
0.871663
0.893508
0.914858
0.937200
0.979760
1.002554
1.025190
1.045535
1.065782
1.084452
1.101874
1.118682
1.134699
1.149407
1.163750
1.177535
1.189946
1.200123
1.207561
1.212144
1.213715
1.212982
1.209846
1.204398
1.196026
1.184936
1.170845
1.154483
1.136540
1.119747
1.101795
1.081914
0.667473
0.681864
0.697711
0.715358
0.732309
0.756304
0.782094
0.808387
0.835692
0.862334
0.887781
0.911930
0.935084
0.958653
0.980183
1.000737
1.019789
1.038540
1.055599
1.072577
1.088011
1.103923
1.118813
1.132271
1.152853
1.167785
1.180332
1.192305
1.202041
1.208994
1.214099
1.215575
1.215298
1.212664
1.207748
1.200001
1.130353
1.101560
1.078701
1.056658
1.038190
1.019463
1.000537
0.980581
0.959396
0.938060
0.889763
0.869577
0.834668
0.834668
0.818433
0.801116
0.789281
0.776836
0.764616
1.002769
1.030725
1.044944
1.060830
1.080216
1.116711
1.137185
1.156741
1.165949
1.174593
1.182023
1.188543
1.193330
1.197111
1.199631
1.200927
1.200966
1.199911
1.198202
1.195330
1.191025
1.185731
1.179060
1.171125
1.161116
1.150183
1.138144
1.124770
1.113389
1.102195
1.090248
1.077380
1.062839
1.048319
1.032242
1.017976
1.005400
0.992182
0.978862
0.964714
0.950326
0.935358
0.919956
0.905045
0.888972
0.859007
0.841097
0.821920
0.803645
0.783066
0.762895
0.745035
0.724076
0.707170
0.693868
0.673921
0.659837
0.645937
0.630919
0.631395
0.632412
0.636783
0.641114
0.649910
0.657742
0.669792
0.681199
0.694157
0.706311
0.718985
0.733015
0.747994
0.761916
0.779548
0.797707
0.815110
0.832921
0.850688
0.868339
0.885656
0.902759
0.918750
0.934298
0.949398
0.988850
1.002414
1.015893
1.027975
1.040186
1.051935
1.062432
1.073751
1.084214
1.094635
1.104617
1.113749
1.122559
1.131126
1.139199
1.147107
1.154914
1.162995
1.170698
1.178440
1.190739
1.194924
1.198306
1.200441
1.201723
1.202244
1.201782
1.200369
1.197799
1.193924
1.188730
1.182451
1.175315
1.167265
1.158383
1.148337
1.137296
1.125831
1.112841
1.083263
1.069824
1.057930
1.045295
1.031328
1.019477
1.006467
0.994766
0.982230
0.968174
0.954726
0.940076
0.925496
0.911076
1.243631
1.255215
1.257649
1.258776
1.258264
1.256102
1.251618
1.233819
1.222713
1.207962
1.196901
1.184849
1.171989
1.158005
1.143428
1.129096
1.115512
1.103209
1.089439
1.077053
1.064443
1.051330
1.043859
1.030908
1.017452
1.003865
0.988708
0.973502
0.958185
0.943067
0.927590
0.913384
0.900688
0.888940
0.877493
0.866368
0.855377
0.844827
0.836536
0.828329
0.820276
0.811814
0.803066
0.793955
0.764715
0.756132
0.748364
0.740625
0.732975
0.730235
0.735380
0.740728
0.754258
0.765145
0.778951
0.791442
0.804613
0.817037
0.829916
0.842948
0.856014
0.869562
0.885106
0.899332
0.915531
0.932219
0.947983
0.964757
0.982363
0.999129
1.015774
1.032068
1.047899
1.063424
1.078590
1.092588
1.106349
1.119153
1.131864
1.153472
1.164821
1.176153
1.187050
1.198007
1.208096
1.217930
1.227278
1.235551
1.242419
1.248242
1.252663
1.255649
1.257428
1.257735
1.256965
1.255452
1.252836
1.248668
1.243361
1.236896
1.228817
1.218851
1.207642
1.195524
1.189002
1.175667
1.163534
1.151683
1.138978
1.124509
1.109686
1.094188
1.077196
1.062730
1.049246
1.036043
1.021898
1.006844
0.991011
0.975571
0.959861
0.944063
0.926709
0.907273
0.889715
0.870238
0.850561
0.829668
0.808175
0.789043
0.767498
0.744682
0.728774
0.701720
0.687785
0.673574
0.660524
0.660064
0.665956
0.679257
0.688192
0.713063
0.725955
0.847654
0.865829
0.889398
0.912404
0.936515
0.952267
0.967769
0.983153
0.998430
1.013062
1.027478
1.041024
1.054024
1.066405
1.078320
1.090191
1.101421
1.112400
1.123010
1.133360
1.143657
1.153270
1.162501
1.171311
1.179003
1.186022
1.191841
1.196346
1.199576
1.201568
1.202240
1.201778
1.200560
1.198589
1.195147
1.190524
1.184830
1.177813
1.169042
1.159133
1.147635
1.135180
1.122322
1.110964
1.099738
1.087663
1.074122
1.061241
1.046736
1.030550
1.016038
1.003591
0.990995
0.977469
0.963467
0.948675
0.934117
0.919397
0.904477
0.888211
0.875664
0.858840
0.841224
0.822839
0.805272
0.784293
0.763226
0.746951
0.726369
0.705144
0.689456
0.671421
0.658922
0.645667
0.636491
0.630776
0.631030
0.632635
0.636407
0.641872
0.649893
0.659218
0.670104
0.682673
0.695017
0.707059
0.720767
0.733255
0.749811
0.765490
0.783156
0.800689
0.818158
0.835608
0.853232
0.870772
0.887991
0.904408
0.920061
0.935383
0.961066
0.975074
0.989346
1.002071
1.016088
1.027537
1.040175
1.051795
1.063354
1.073742
1.084305
1.094679
1.104558
1.113780
1.122528
1.130865
1.138883
1.146833
1.154311
1.162046
1.169952
1.177317
1.184473
1.190321
1.194749
1.198264
1.200841
1.202303
1.203071
1.202996
1.201983
1.199893
1.196592
1.192109
1.186329
1.177373
1.173141
1.164608
1.155500
1.145242
1.134041
1.122363
1.109379
1.095427
1.243076
1.221772
1.203317
1.185996
1.166898
1.145491
1.115033
1.096912
1.096912
1.078006
1.059304
1.041059
1.022437
1.001754
0.925846
0.905955
0.878556
0.862197
0.846990
0.834862
0.804944
0.788922
0.777235
0.765720
0.753679
0.741845
0.732651
0.754106
0.771634
0.793573
0.811761
0.831160
0.850419
0.870908
0.894488
0.916438
0.991457
1.060332
1.082763
1.103289
1.122483
1.158988
1.175912
1.192257
1.207788
1.222252
1.235169
1.245318
1.252319
1.256443
1.257606
1.256082
1.252805
1.246676
1.237375
1.224922
1.209569
1.191263
1.170489
1.151258
1.132327
1.095894
1.072120
1.052040
1.031341
0.958286
0.926418
0.893889
0.864994
0.814552
0.732374
0.669840
0.658750
0.661619
0.671048
0.683533
0.725681
0.778917
0.803354
0.830590
0.858511
0.920104
0.964257
0.987859
1.010455
1.044743
1.118130
1.142585
1.161976
1.212605
1.224531
