902 1800
3.60925 -5.52431 81.36101
49.20426 -22.44798 82.86035
-8.06147 9.12884 79.65304
-39.49244 -2.22178 91.51570
4.63304 -23.75189 85.09610
95.32100 1.07333 87.22497
39.39112 17.99096 71.81861
-27.40959 45.74124 69.68861
-70.58861 41.06903 88.04165
-94.98876 10.21733 91.15431
-59.70509 -36.81143 87.82268
-10.96366 -54.73384 76.43143
72.63097 -47.47264 83.35965
124.39516 8.49487 67.00515
88.73262 34.61328 53.01310
44.67276 50.91100 48.66561
-28.46137 78.47589 55.36489
-76.35986 76.93288 75.55252
-105.21422 55.26669 80.24249
-119.10539 -9.41556 59.89288
-105.57267 -40.92009 61.93040
-71.06233 -70.21755 67.22038
-19.71580 -82.70450 61.36507
51.64891 -72.07668 70.10092
113.84163 -38.41959 77.96181
142.21959 -0.29072 24.44865
115.39257 33.54998 19.05109
81.40284 54.86321 26.49332
40.73063 74.81994 27.59643
-15.70502 101.60809 33.71749
-68.37870 100.33726 52.87134
-109.04438 85.16447 56.39337
-125.36870 58.82539 32.82709
-125.79788 4.66315 21.54551
-119.36698 -49.57442 19.21672
-96.63988 -67.86781 26.27692
-65.28974 -90.44960 41.56458
-19.43242 -99.20240 33.38473
38.92790 -92.82781 52.69776
90.73066 -69.51644 47.26324
130.04837 -45.03646 48.23476
143.24153 -8.17029 1.45225
124.41861 19.05231 7.03350
93.67191 45.13436 3.39733
57.96769 68.83005 11.08159
18.45716 87.43540 4.08933
-17.08335 105.40436 14.15268
-72.57800 111.03631 15.06391
-105.82498 98.23017 6.85632
-125.20066 75.11771 -11.80413
-133.29678 53.12991 -11.13691
-125.33939 11.88708 0.15225
-115.01730 -29.87687 -0.60012
-97.92080 -58.43095 -9.36248
-77.27848 -79.47262 6.12576
-49.00029 -101.05233 16.80927
-12.66590 -104.85630 14.79836
40.32650 -103.06880 21.83546
76.65788 -86.87496 22.28010
109.52920 -63.09938 12.27069
138.44531 -39.93514 2.35850
126.17409 -8.84899 -13.24262
101.49479 21.34266 -10.52875
66.75089 53.77086 -14.81990
11.05169 75.92568 -13.85294
-33.43636 93.56958 -12.59971
-73.25815 93.54464 -33.73250
-90.16080 70.98534 -43.47625
-112.14935 44.15354 -50.41450
-116.66179 11.39617 -24.80662
-100.07468 -24.67375 -23.01057
-76.40208 -58.20060 -26.45062
-40.29723 -83.26695 -20.54496
2.11930 -94.28832 -11.28863
55.00754 -86.47383 -19.54790
87.05548 -63.89335 -27.54407
116.24596 -40.79270 -25.72139
93.98493 -14.11290 -34.31836
66.87265 18.53548 -36.50303
7.86905 47.08544 -34.10445
-38.90715 71.33659 -40.28615
-51.55910 61.96864 -52.92908
-81.98866 36.13759 -58.37347
-95.17513 15.77001 -48.56003
-70.89833 -16.85486 -40.15397
-31.80959 -52.18527 -37.42433
16.91071 -71.77580 -34.82960
54.22394 -57.33279 -43.07497
80.72407 -35.14007 -44.08466
54.08110 -19.96140 -49.19892
9.10392 3.63247 -49.70969
-38.45940 33.97449 -55.43158
-59.45101 27.01278 -64.22707
-70.29972 11.61411 -64.07974
-45.99045 -10.80979 -57.10468
0.36587 -34.79285 -49.88950
21.71923 -25.69934 -53.31002
-6.97892 -10.21182 -58.82347
-36.52192 11.00940 -67.48301
-56.55366 8.92122 -67.80596
-45.21493 -0.48001 -64.76344
-36.77799 2.54549 -66.49008
16.48554 -8.02711 79.89523
-13.56178 0.93176 83.65581
-10.08172 -8.29646 85.74254
21.04189 -16.83940 82.23085
64.23982 -2.92289 82.98303
28.36077 -1.76484 78.27241
-0.70790 22.79922 73.25683
-38.62328 32.42568 79.56883
-41.46056 16.16283 87.49800
-71.51390 18.70736 93.87448
-66.75009 -9.67698 93.86334
-32.59965 -21.20867 90.41719
-23.69715 -37.97729 84.28571
23.83113 -42.69704 81.42987
48.15035 -34.70310 84.08489
80.08982 -26.53599 87.23123
104.90530 19.84708 73.52832
75.72256 20.69882 73.08980
59.48990 35.11387 57.58931
18.66476 37.69251 62.76007
-5.58731 58.07286 57.88202
-49.41076 68.48299 67.82180
-62.64292 56.75938 78.69375
-87.37048 62.22539 84.50693
-94.02024 40.37499 90.69792
-109.34555 19.47705 81.41201
-110.28493 -14.90372 74.43450
-90.42101 -22.54394 83.87920
-82.30406 -51.33828 75.09834
-51.20899 -55.96209 79.21023
-37.76017 -70.01491 70.20914
5.21205 -70.78943 70.08839
40.19907 -60.49478 76.74442
85.73340 -55.81188 78.73726
102.53025 -28.82566 86.91395
116.78582 -5.69678 84.02677
130.42640 17.36006 37.01957
111.84800 29.07099 46.12419
96.86508 42.64695 30.15107
75.89040 47.54472 41.48930
61.18429 60.72846 34.19728
21.06924 68.23163 43.34925
-0.22329 86.26474 39.36730
-38.50096 96.10002 50.31425
-60.06470 87.53682 64.27650
-84.91756 89.86114 67.21559
-98.52051 76.57729 76.33924
-114.99369 70.29163 60.17058
-117.54745 35.59688 61.04965
-124.34148 17.01936 39.36179
-123.53302 -24.44292 34.41190
-118.57092 -38.88479 47.20161
-110.94568 -55.09355 33.28814
-94.89858 -61.32696 52.42014
-80.74656 -78.19467 46.76842
-55.24227 -83.33798 58.86623
-38.19577 -92.06221 46.23288
-1.33653 -92.72062 50.25744
22.40489 -84.36601 63.48749
60.77635 -79.85751 58.13282
89.34925 -61.99497 65.76214
115.11167 -52.76098 59.60088
127.73925 -24.96873 70.49501
136.36104 -11.85493 50.40615
140.23824 4.74434 10.07026
130.10851 20.58466 15.55239
111.97683 33.82554 7.44562
97.70218 45.83109 13.39856
78.86597 57.54542 14.44201
63.96803 66.68782 22.79551
43.02256 77.29931 13.62193
19.44649 88.80571 20.75085
0.10399 100.27420 17.06057
-34.64581 109.87402 23.87487
-54.63941 108.24335 37.32075
-87.33496 107.05428 27.64000
-97.13559 97.06685 43.61374
-117.73924 87.79694 18.80358
-123.80070 77.46750 26.78590
-131.93998 68.68328 0.18579
-130.65088 45.01548 14.26698
-129.80377 27.04096 4.88110
-122.45807 -5.68701 8.52056
-121.23819 -30.13953 13.73542
-111.67664 -50.49279 0.33367
-106.35704 -61.37548 7.89536
-91.37598 -69.21666 5.33044
-82.02551 -80.35402 25.70190
-67.29595 -92.75918 24.42551
-49.48186 -99.18764 32.09860
-31.19920 -103.95929 21.65443
2.80724 -104.35580 23.22289
22.19680 -100.57451 38.33714
56.44648 -97.53441 36.86360
69.95726 -85.10041 43.40100
92.47879 -74.05453 28.55615
111.84022 -62.12615 37.22554
128.04291 -54.16252 21.52958
140.97025 -31.77488 26.03349
145.77626 -17.44865 7.65258
134.11279 1.38248 -1.09725
118.38551 11.99656 -3.81272
107.19466 29.62422 1.23273
90.17650 41.42015 -7.18986
74.67668 57.55448 0.51346
46.93733 68.45810 -4.69365
30.65393 78.21701 0.52077
-0.50077 85.86640 -9.01616
-7.62890 96.65888 1.96404
-41.63078 105.96474 6.85540
-66.47768 102.21959 -12.26129
-91.35094 104.73361 -5.40628
-92.48262 90.57355 -26.88162
-110.62443 82.75027 -19.05715
-111.25485 63.58860 -40.98644
-127.31092 60.70716 -30.06793
-123.43978 39.30507 -32.71442
-127.13690 27.46242 -11.90833
-119.50593 -3.42052 -6.51861
-111.12233 -17.04623 -15.21507
-104.72684 -40.97237 -11.78242
-92.90847 -48.70231 -21.20126
-85.07519 -66.43547 -12.39644
-67.25536 -75.77032 -15.32255
-58.76734 -90.34886 2.02739
-32.02890 -94.86456 -6.30885
-23.10791 -102.19041 6.92394
10.68357 -102.61387 8.08479
37.21995 -96.54000 -4.30188
62.19085 -95.41253 9.92250
74.73284 -81.35895 -9.76693
91.74443 -72.32779 1.88467
106.27644 -56.84600 -16.22104
124.26276 -50.94664 -5.18240
130.23499 -32.20394 -15.05549
139.75996 -20.00551 -5.65476
108.06619 -0.33729 -19.17278
89.86769 8.92874 -27.63912
82.44925 33.38179 -21.30241
50.06525 42.67885 -29.16187
29.16885 61.88216 -20.67508
-10.14798 66.68334 -29.50237
-23.30715 81.19925 -23.72335
-51.43631 87.82291 -32.12932
-53.67202 78.04717 -46.13023
-68.59421 78.25514 -46.37414
-71.49944 57.11935 -53.08777
-94.85801 49.32348 -54.54161
-97.90435 31.79909 -56.22709
-109.10193 24.30531 -44.82211
-105.06251 1.38454 -32.17846
-90.18237 -6.69588 -36.34175
-84.24765 -33.50873 -29.61545
-60.83382 -43.91378 -34.35142
-50.46674 -67.32327 -29.81661
-17.04362 -71.34095 -32.35860
-6.37172 -84.21139 -25.13247
27.16087 -85.21915 -25.14593
45.56050 -73.65655 -35.08834
67.83824 -71.19696 -33.64801
76.89815 -52.17928 -41.54302
97.86673 -46.10619 -35.89695
99.52521 -30.49921 -37.05682
114.13280 -21.60778 -26.40827
74.66011 -6.88470 -41.86671
46.73556 -1.84190 -45.98665
29.55694 22.85502 -40.15588
-10.17825 26.65060 -46.34967
-27.37950 50.78775 -43.94854
-43.59559 56.97999 -51.16916
-49.50407 41.39276 -58.39698
-62.32950 41.82632 -58.47297
-71.88912 24.51653 -63.77228
-84.04644 21.59936 -59.39238
-79.14345 5.70558 -51.99466
-61.61336 -4.37636 -54.90613
-47.93076 -26.99530 -44.13456
-23.72258 -32.74353 -47.96509
-0.81703 -54.30223 -40.66789
28.52874 -56.02004 -42.94943
27.44496 -39.25444 -49.33999
55.17000 -39.36950 -47.56722
55.04498 -28.03410 -49.59929
78.73873 -24.21271 -44.10537
21.20570 -13.24814 -52.39400
-11.39489 -1.13336 -59.43397
-25.13868 14.24389 -58.90912
-47.63261 23.75648 -64.49595
-53.38300 16.20197 -68.35288
-63.39888 15.50015 -67.35666
-58.80464 4.07844 -65.00703
-54.62239 1.95169 -65.15693
-33.95770 -12.52434 -58.82532
-12.19941 -17.60050 -57.33083
-15.07166 -10.87973 -59.79643
23.50388 -20.85240 -54.00957
-26.19646 0.39213 -65.15463
-43.07467 7.58383 -68.50726
-50.01221 5.26089 -67.27030
-33.39960 -1.48280 -64.24686
14.05788 -9.68461 80.68375
30.61661 -17.25367 81.22925
32.71398 -12.62916 80.21160
13.13523 -1.51208 78.88910
-1.33958 0.58243 80.66404
2.37021 -3.73148 80.99864
-21.03512 8.34825 83.58743
-31.49690 4.65305 87.94144
-21.49719 -2.90136 87.15222
-6.54430 -3.36790 83.19915
-27.18676 -10.75067 89.81238
-12.95239 -16.83340 87.40862
5.36522 -15.13615 84.32609
4.65851 -8.76068 82.56687
25.47255 -25.03788 83.71446
41.27871 -26.37703 83.08672
66.52999 -18.99069 85.20434
81.79282 -9.25523 87.23762
79.02877 7.52211 82.56241
59.76510 12.27656 76.65117
43.92422 3.63529 78.08180
48.78415 -11.12788 81.68993
21.89174 12.25198 74.50376
6.26115 9.42136 76.80393
18.37221 25.89067 69.17645
-4.17204 35.22458 68.50362
-23.50836 33.68657 73.94309
-16.52791 21.14313 77.36432
-44.57836 45.21169 76.07345
-58.72110 44.11690 82.43477
-51.33348 30.14251 85.49101
-29.81985 19.21677 82.26657
-62.28099 25.90964 90.62477
-51.33032 10.65060 91.83719
-80.38761 35.07578 91.96978
-88.45329 25.00806 93.35998
-79.07266 7.64474 94.41627
-59.71241 1.99626 94.28628
-85.33512 -6.44971 91.03099
-73.08739 -23.37634 89.85039
-53.17629 -23.77969 91.85244
-46.38797 -11.91166 93.07053
-39.18320 -32.64909 88.38171
-17.52964 -27.06882 86.96962
-45.82295 -44.41551 84.47411
-29.97180 -49.29529 80.22526
-4.45581 -44.25883 80.52618
1.28829 -33.69047 83.69323
17.60318 -52.51213 78.01262
47.35079 -51.56569 80.41942
50.47564 -42.94426 83.03701
26.56433 -33.61978 83.57081
70.03550 -38.51136 85.26436
61.82132 -30.45323 85.03172
88.37574 -35.57674 86.58816
95.03672 -17.68777 88.71107
107.04524 7.31309 83.98427
116.56052 9.41544 77.35094
114.55977 20.73652 63.76564
102.26418 28.89228 58.03502
90.21688 26.31327 67.15827
92.80266 15.72482 79.64790
74.90838 30.74263 61.20033
57.95006 24.84318 67.47272
75.54186 39.43479 50.34541
61.86047 44.57801 49.02189
42.26913 40.99479 56.02523
39.35070 30.16514 63.95861
20.17349 48.71270 56.24768
-5.38135 46.90609 63.28381
21.03537 58.93744 49.79444
-5.41792 68.36799 52.33293
-30.01918 68.46924 60.58020
-29.28947 57.44520 65.19677
-48.14973 78.73098 63.07868
-63.36112 78.50194 69.76797
-64.27445 68.22969 74.44688
-48.19093 57.24880 72.15786
-76.51970 66.50613 80.20363
-74.91766 54.57011 84.43385
-88.09449 73.03666 79.95057
-97.71526 66.32517 81.78588
-96.43023 54.33538 86.52316
-85.40901 49.68712 88.71027
-103.68814 39.85380 85.73454
-100.82544 24.99424 89.51545
-111.18124 37.06470 75.57050
-115.80045 13.72172 68.83165
-113.80505 -3.22376 73.41010
-106.19553 5.48330 84.10153
-117.03158 -23.49247 61.54643
-112.82615 -32.45984 61.56938
-103.62574 -25.73930 74.21906
-100.05221 -7.85566 84.46350
-94.04986 -38.36774 74.41574
-78.45250 -37.83272 83.31308
-95.61849 -51.48118 63.65881
-84.06332 -61.98224 65.88674
-69.39833 -60.63256 74.97376
-65.35383 -49.48705 81.90838
-54.71666 -66.22495 73.15051
-34.84778 -60.13983 75.46621
-55.93033 -75.41122 66.54533
-38.59645 -79.05842 64.22354
-18.47182 -74.32513 67.48113
-15.85823 -64.76049 72.16064
2.13885 -79.54653 65.60539
26.22267 -76.51706 68.41118
32.26708 -68.54032 72.54910
10.65747 -61.96945 74.13733
60.45984 -64.47243 75.46898
68.65151 -56.45341 79.97372
76.81528 -64.17657 72.01377
98.50688 -52.65061 74.86058
103.70368 -41.43443 82.25042
90.23224 -45.72643 83.67410
113.52780 -23.56071 84.72002
107.03967 -9.55113 88.03403
121.67396 -22.49461 79.37153
124.38232 -6.22162 76.41267
131.56148 6.02731 53.08314
137.77203 2.97856 37.98368
135.68862 13.80349 25.27254
126.33201 24.81316 22.41809
120.13890 27.70967 33.04517
123.05299 19.73528 50.86353
108.56127 35.71350 30.13936
99.63904 36.15916 42.37086
103.97069 41.20497 19.12499
92.54269 48.27329 22.55065
85.53088 48.89206 32.50331
87.71220 42.12651 41.12321
74.35465 54.69999 34.09685
62.83621 53.13902 41.27826
70.31228 61.10493 28.10567
57.27473 67.52060 27.93715
43.14941 67.89202 34.63916
44.60480 59.86789 41.61366
21.48913 76.61370 36.52960
-3.52428 77.89098 46.30100
21.33798 83.57690 28.82701
2.27284 92.96972 31.48110
-18.27195 95.50084 41.84457
-23.53244 87.54781 49.14896
-35.84022 103.10652 41.66599
-53.40033 102.53351 48.01931
-55.43458 95.47398 57.12175
-43.80233 87.96077 57.44306
-70.60460 93.48440 62.87140
-74.16232 85.81472 70.16364
-83.00133 96.56278 56.50937
-97.24724 91.30145 58.26739
-98.11857 84.60450 69.12823
-87.12612 82.14637 74.58866
-108.30001 78.59375 66.76534
-106.85611 68.87131 74.11942
-116.83198 78.83807 49.54555
-121.95223 70.80608 40.43152
-119.68866 56.62846 51.71740
-112.97655 55.31873 68.37516
-122.70644 37.87025 44.69762
-120.66691 12.73332 54.20108
-127.10924 41.98137 28.70266
-127.16327 22.98477 25.67438
-124.79407 -2.00561 32.52491
-122.71573 -8.12731 45.59678
-123.94614 -17.83376 23.63610
-122.43266 -36.67719 21.88223
-121.74322 -40.28239 33.23280
-121.26128 -27.35801 47.64225
-117.76158 -49.56153 32.25105
-113.21975 -45.77441 47.22743
-113.50049 -56.72714 18.69774
-105.56327 -61.85618 21.20331
-101.95639 -61.36034 36.72919
-105.15653 -52.50453 49.02988
-91.80814 -69.44834 41.69604
-83.45065 -70.76001 56.17614
-87.28294 -75.72424 32.71678
-76.97246 -83.80555 38.53795
-68.11825 -85.10682 50.05212
-70.27776 -78.46384 58.78034
-53.89035 -89.42701 49.62585
-38.56605 -86.39929 56.07434
-52.07969 -94.61538 40.36632
-37.11102 -97.08551 36.81884
-20.79904 -94.60803 42.79395
-20.70828 -89.25656 52.74496
-0.15699 -97.69109 40.47048
19.87701 -96.04982 48.00122
19.76921 -90.72481 56.67154
-0.07880 -86.97816 59.09710
40.74336 -86.76227 59.21126
45.05968 -79.77619 64.68369
56.62481 -86.74794 52.38155
73.84337 -78.41329 49.46665
80.52392 -70.59884 56.72491
67.60447 -71.99856 64.80349
99.27596 -61.50165 57.32392
108.04203 -51.28657 68.32702
106.52926 -61.98383 47.84426
119.90987 -54.74293 49.18426
125.94696 -42.30783 60.87404
120.99700 -39.24502 70.70953
132.63722 -28.22583 58.31460
130.70509 -8.85610 65.04749
137.07963 -30.72904 42.83454
141.33460 -14.52353 34.11736
144.44784 -3.80053 13.90837
144.54708 -6.78473 6.00730
140.27044 -0.61971 3.35411
133.52146 9.34695 5.90802
132.29954 15.54872 11.25465
138.86224 9.46142 16.67790
122.46000 25.14415 9.74496
119.75804 29.95536 12.55564
114.53875 27.96715 5.68461
104.26237 36.52479 3.70559
101.26219 41.94541 7.06650
108.84601 38.22328 11.35099
90.19665 49.81661 9.92754
86.34828 53.14172 18.07875
82.66680 53.72986 6.03553
70.80557 61.75160 9.52896
67.46358 64.75296 17.20430
75.22414 60.13256 21.91901
55.83502 71.14791 16.52821
51.22105 73.01705 21.25274
44.80209 74.94932 8.91261
31.62155 80.88836 5.43057
28.81555 84.37208 11.75925
36.25059 80.28660 19.91444
14.62927 92.38125 13.27534
2.85914 97.64442 23.88759
6.03071 94.75560 6.91126
-6.33720 101.40689 11.31148
-15.81425 106.20502 19.04062
-15.43347 105.20041 25.86797
-30.65722 108.18380 15.84914
-51.95208 110.52329 16.31305
-55.81447 111.30538 26.53402
-35.22932 108.03229 32.63577
-73.87787 110.28169 27.61014
-70.53244 106.30706 40.56800
-87.23503 109.13552 12.73645
-97.51578 104.71876 9.99236
-98.37507 101.84191 26.91662
-84.31093 102.44845 42.86618
-108.65457 95.18199 24.17244
-109.25302 90.60172 41.55152
-113.35634 90.44456 2.04175
-119.75869 82.33312 -4.83357
-123.93134 80.67290 10.95410
-118.27217 83.94399 35.42066
-128.45777 74.86020 3.95876
-127.88189 70.50675 19.25342
-129.81396 69.58509 -15.51924
-132.71693 63.23721 -14.94894
-133.37927 58.77227 0.35655
-130.24220 60.16499 15.12794
-132.53120 44.29872 2.59754
-129.22273 26.97396 14.03718
-131.39823 38.51832 -6.12279
-128.08665 22.99962 -1.92312
-126.00670 11.21496 5.24052
-126.22446 8.98689 12.63181
-122.41962 0.62829 1.28636
-118.75039 -14.82047 1.26131
-119.56611 -23.23191 7.78316
-123.25157 -11.18335 15.42117
-116.30207 -38.69461 4.29944
-118.32373 -45.41340 10.13801
-110.41057 -42.06631 -4.14843
-104.53874 -51.20590 -7.87839
-105.39946 -58.08842 -1.87453
-113.31993 -55.57095 7.54421
-98.45664 -63.58004 -0.14717
-98.53003 -66.33677 12.01492
-91.43622 -65.04018 -6.47868
-84.78450 -71.82099 -0.56251
-84.09423 -76.20807 12.48985
-90.45566 -72.48119 18.56491
-76.29476 -84.49199 19.51797
-72.61043 -88.55062 31.49663
-68.91503 -88.07609 11.84549
-59.67341 -95.83240 15.64249
-56.91234 -98.94447 25.79346
-61.85802 -95.13746 33.70617
-45.16693 -102.46842 24.30200
-35.16940 -101.29556 28.78735
-36.86428 -103.41330 15.69023
-23.69932 -104.40592 14.61939
-14.80119 -104.89422 19.54691
-17.20200 -102.94309 25.86208
0.15106 -104.64853 15.48067
20.13682 -104.22773 18.15390
23.55403 -103.60408 28.49789
1.95505 -101.79774 31.36289
42.01463 -101.64738 33.83729
40.17464 -97.99689 44.20681
55.54440 -99.98777 24.42640
66.71584 -94.45481 24.63591
68.41647 -90.77773 35.87183
55.69018 -92.77389 45.92364
80.13166 -82.48897 32.36084
84.45527 -76.43494 39.69455
87.20585 -78.34283 18.41305
98.13541 -70.11839 14.83484
104.61474 -66.77475 26.25556
98.54652 -68.67094 37.52726
116.67370 -60.77370 24.37654
123.97571 -55.54508 36.49030
121.09866 -57.21119 9.60982
131.13823 -50.09420 5.96045
137.02425 -44.08495 16.44608
134.00199 -45.66096 32.70294
143.16255 -31.07543 11.19981
144.73973 -16.64929 19.06567
142.80792 -27.36828 0.39657
144.21046 -15.69777 0.35208
126.78931 2.21554 -6.02880
126.05622 11.51094 1.35284
140.15011 -9.02851 -2.28490
134.13532 -9.03030 -7.35705
109.46945 21.25283 -3.25872
116.88072 20.73424 2.47744
118.06237 1.49404 -11.93960
109.79836 11.18030 -10.42855
100.16390 31.00695 -4.87202
97.20155 38.93516 -0.91553
78.46120 51.61491 -7.62401
86.63371 48.43811 -1.42648
92.52725 32.45893 -12.65105
81.36833 43.61678 -14.65372
63.93291 60.76302 -6.24758
60.61258 65.58651 3.01288
29.65781 74.90301 -5.47556
45.56460 72.37556 3.14307
48.56700 62.35636 -13.40089
29.21680 69.65623 -12.74632
13.61016 80.46969 -7.60702
16.81191 83.81927 -2.23655
-13.40007 91.92498 -7.12664
4.53420 89.88929 -2.07159
-4.93784 81.42234 -15.53024
-19.42103 87.00111 -15.55884
-27.43146 98.98579 -1.43627
-20.87130 103.28459 8.24204
-48.50343 101.14529 -5.99592
-62.92444 107.64586 3.56963
-79.18696 101.39277 -18.46944
-80.02023 107.46758 -0.96838
-51.57304 94.87810 -19.92378
-64.99185 95.29198 -27.62362
-87.23024 97.46528 -23.31250
-98.72481 99.02758 -9.18304
-97.99835 81.98370 -30.86633
-104.60940 91.36605 -13.55008
-78.23585 88.45090 -37.40445
-83.26628 80.56599 -40.12812
-104.28321 72.59970 -36.00050
-116.64569 74.05238 -25.52645
-117.65579 56.11982 -42.84884
-122.51003 66.86578 -29.80897
-98.57562 61.02719 -47.85239
-106.39773 52.00439 -50.98599
-121.91022 48.56743 -39.88002
-129.55492 52.96760 -25.93652
-123.03565 26.88858 -23.61005
-129.25818 41.94777 -19.19096
-115.35576 35.84761 -44.60106
-116.66686 25.07297 -35.21084
-121.37396 11.76967 -14.61871
-124.25236 12.13054 -5.61020
-115.93640 -3.97150 -15.29290
-115.16499 -18.28563 -7.07219
-105.69394 -28.18585 -16.20813
-110.36338 -30.67962 -8.72318
-111.28482 -1.86784 -24.00890
-106.02739 -13.57947 -22.97126
-99.59968 -38.56112 -18.74069
-98.44444 -50.03986 -15.03491
-85.56325 -58.47648 -21.13740
-91.98262 -58.47173 -15.51138
-93.25289 -35.93639 -24.64917
-85.47786 -47.32245 -26.31992
-77.08050 -67.43869 -18.85782
-77.24797 -74.12111 -7.43305
-56.34807 -83.81919 -11.78258
-68.53517 -82.24545 -2.25735
-65.65749 -67.93260 -24.91174
-53.45245 -76.37919 -22.78957
-44.57667 -90.41936 -8.70447
-48.01832 -96.61306 4.86993
-18.62883 -97.50908 -4.11320
-36.27413 -100.36136 6.11163
-26.58046 -88.06496 -18.24772
-12.48276 -91.29753 -15.56259
-3.66631 -99.97401 0.43446
-9.15384 -103.70097 9.81667
17.63215 -98.11862 -3.15408
31.58336 -101.60438 8.69110
52.91792 -93.76442 -5.12365
49.16416 -99.52506 9.79295
22.69664 -92.11559 -15.00371
40.62723 -90.00873 -17.33626
64.91545 -88.66852 -6.94336
72.11335 -88.86041 8.13941
84.66695 -72.97084 -12.70633
81.45614 -80.83295 5.18467
66.48615 -80.47292 -22.33368
76.80938 -72.58891 -25.30926
95.29071 -64.56938 -14.95031
102.66051 -64.33270 -0.87523
116.69727 -49.96601 -16.63967
113.84591 -57.48822 -3.28075
97.74609 -55.60006 -28.11353
107.99101 -48.13595 -27.28635
124.94150 -42.03952 -16.30863
132.21224 -42.49480 -6.82795
133.09161 -20.71379 -12.09959
137.34404 -31.93184 -7.16054
121.43572 -31.83288 -23.25714
124.42728 -20.80362 -19.10813
97.28537 -2.24369 -27.21677
100.25217 10.04004 -18.63528
116.48127 -10.12698 -20.00486
105.40658 -12.24198 -27.17934
81.18564 21.00424 -28.80571
92.37865 21.51369 -19.47025
86.41040 -4.30400 -35.16316
78.31254 7.04955 -36.05096
68.14912 32.55897 -29.55813
68.13968 44.35026 -22.29074
29.08794 51.51231 -27.97411
49.69610 53.83443 -21.81725
49.92181 28.86724 -35.75376
29.25222 38.26698 -34.45111
8.30968 59.40657 -27.89630
9.44190 68.99368 -21.03219
-25.58883 73.49558 -31.52459
-8.15790 75.27289 -22.35074
-11.37220 55.40682 -35.83298
-27.00192 63.34445 -38.37891
-38.97278 80.41428 -32.91101
-37.17005 87.59699 -23.48485
-48.97547 79.63194 -40.78737
-60.06556 87.36367 -39.09668
-56.23512 73.98673 -49.32753
-64.69654 84.47277 -43.71304
-45.75209 69.31898 -46.69424
-48.30772 66.64173 -50.60997
-61.73404 66.72236 -51.25421
-75.46638 69.28378 -48.40711
-82.84304 47.09237 -55.67593
-84.97720 59.07097 -51.26433
-59.98606 54.26363 -54.74947
-71.48345 44.88943 -56.64503
-92.18779 38.65166 -57.31144
-102.19450 41.21681 -55.58712
-101.12849 24.37264 -51.06058
-106.69636 33.37014 -52.40026
-88.76996 29.62052 -58.55588
-92.74153 23.63239 -55.46696
-103.34873 14.40557 -42.47004
-110.55424 12.41790 -34.52211
-97.19516 4.38972 -39.13055
-99.02198 -9.66863 -29.98484
-82.15813 -18.65505 -34.66293
-92.22096 -21.36339 -29.08626
-88.33040 5.89145 -45.69146
-80.28819 -5.12238 -42.59097
-72.39987 -31.31823 -34.20826
-74.58498 -45.75053 -30.49610
-47.71773 -55.48803 -34.04006
-63.28971 -57.34289 -30.75507
-59.72378 -29.25450 -38.94930
-46.60346 -41.53548 -38.20613
-32.92640 -64.75107 -33.31258
-36.11549 -75.01172 -28.38236
-1.26094 -76.18120 -31.38427
-21.11577 -80.33626 -26.93960
-15.71471 -60.13671 -36.68763
0.92036 -66.29098 -36.01124
13.42211 -80.54538 -29.40954
7.93451 -87.83241 -21.80399
31.04495 -77.32044 -32.34107
43.56885 -82.47099 -27.67247
57.19924 -68.27327 -38.08141
56.94335 -78.01200 -30.57885
31.99636 -67.58009 -37.95879
44.21472 -63.05460 -40.76914
67.33564 -60.80920 -40.42621
77.96314 -62.71241 -35.84661
86.28150 -43.96706 -41.39323
88.13710 -54.01507 -36.60747
63.18386 -49.82542 -44.52056
72.12328 -41.88159 -44.87631
94.02820 -36.93745 -39.83689
105.81171 -39.06525 -33.83294
102.76650 -22.47902 -33.17655
111.04036 -31.21552 -30.70029
87.19108 -29.81804 -42.16225
91.12893 -23.40932 -39.06432
60.06722 -10.56639 -46.33734
64.23409 3.18993 -42.20871
82.85119 -15.85182 -40.70872
70.19841 -18.06844 -45.67390
29.21743 7.28746 -45.14531
49.07033 13.27589 -41.38819
41.89674 -13.32337 -49.37478
26.62877 -5.39705 -49.21025
9.39969 16.78055 -45.00309
8.52017 32.19030 -39.78048
-27.00255 36.71257 -48.81357
-11.31182 41.50599 -41.27864
-9.15634 13.67822 -51.54123
-25.96651 23.97511 -53.85604
-37.92259 46.93107 -50.72019
-38.05009 59.93646 -45.90016
-44.28883 44.06085 -55.42970
-46.90646 53.94799 -54.37360
-56.69848 36.90027 -60.44802
-52.83436 49.03033 -56.55713
-46.29990 32.70127 -60.00792
-52.84551 30.69646 -62.68284
-64.83147 30.87512 -62.36818
-72.39973 33.75353 -60.31780
-75.90832 19.14515 -63.39444
-79.91233 27.01718 -61.03886
-65.41520 22.19229 -65.57777
-69.03855 17.09727 -66.09962
-77.97077 13.42127 -59.50726
-86.46988 15.18747 -54.04135
-70.46152 4.77501 -57.91470
-70.46309 -4.56574 -48.98360
-51.24148 -13.86512 -52.03189
-60.10319 -15.61992 -46.08439
-63.29804 3.96802 -62.35968
-55.20274 -3.49405 -59.62696
-38.54956 -23.56473 -49.73046
-33.62378 -37.92602 -42.80730
-6.84128 -40.82152 -46.15168
-17.68909 -47.06591 -41.72959
-34.20977 -18.36211 -54.93054
-18.54210 -26.34308 -52.49700
10.92861 -48.43719 -44.55903
16.27399 -60.93485 -39.65541
20.05652 -43.50696 -47.53838
38.30380 -51.39896 -45.33603
35.24820 -34.84727 -50.17748
46.76577 -45.79647 -46.83922
5.58618 -30.25163 -52.36891
12.08680 -27.26987 -53.44934
44.61707 -30.97271 -50.29170
64.45337 -33.67065 -47.40039
63.77911 -24.81595 -48.07722
72.62791 -29.13790 -46.27716
33.91356 -25.17146 -52.47897
45.37692 -24.03988 -51.17538
1.23820 -9.44740 -56.64206
6.38563 -5.01823 -53.66289
34.24130 -19.62022 -51.91249
12.94977 -16.08994 -54.95419
-24.97816 7.86570 -62.79271
-9.48453 4.47066 -56.14277
-14.69309 -4.24337 -61.29450
-24.84339 3.32759 -64.74049
-37.74783 16.28648 -64.75449
-38.49946 23.54789 -60.37045
-46.95615 17.27362 -67.77006
-54.39151 22.41865 -66.25005
-58.31772 13.62472 -68.14375
-59.62307 19.60486 -67.02511
-44.82594 11.92202 -68.98435
-51.55188 11.02801 -68.64514
-60.12561 9.58822 -67.31738
-64.26229 10.38455 -66.46759
-57.58110 5.23290 -66.40327
-53.52237 -1.15570 -62.99234
-47.78090 -2.00838 -63.73831
-46.03821 -6.24963 -60.98102
-55.62447 6.05699 -67.14172
-53.36003 3.70550 -66.42172
-33.49380 -8.50848 -61.13511
-15.92836 -20.73801 -55.75315
-27.58846 -8.07426 -61.35971
-3.58412 -17.35638 -57.15148
0.10258 -14.53155 -57.49326
9.42661 -19.17827 -55.85841
-34.41299 -3.12042 -63.49114
-19.80119 -7.44588 -61.10436
-34.67951 3.33462 -67.00212
-34.88442 6.38081 -67.82458
-21.98764 -4.24951 -62.70405
-31.56590 0.18645 -65.34000
-42.92298 5.03073 -67.53761
-50.75233 7.55445 -68.12950
-40.57746 2.40113 -66.17104
-45.77974 2.24784 -65.98099
303 103 308
308 1 303
303 1 316
316 106 303
303 106 304
304 103 303
304 106 318
318 2 304
304 2 305
305 103 304
305 2 324
324 108 305
305 108 306
306 103 305
306 108 326
326 3 306
306 3 307
307 103 306
307 3 309
309 104 307
307 104 308
308 103 307
308 104 312
312 1 308
309 3 334
334 111 309
309 111 310
310 104 309
310 111 336
336 4 310
310 4 311
311 104 310
311 4 313
313 105 311
311 105 312
312 104 311
312 105 316
316 1 312
313 4 344
344 114 313
313 114 314
314 105 313
314 114 346
346 5 314
314 5 315
315 105 314
315 5 317
317 106 315
315 106 316
316 105 315
317 5 354
354 117 317
317 117 318
318 106 317
318 117 356
356 2 318
319 107 324
324 2 319
319 2 356
356 118 319
319 118 320
320 107 319
320 118 358
358 6 320
320 6 321
321 107 320
321 6 364
364 120 321
321 120 322
322 107 321
322 120 366
366 7 322
322 7 323
323 107 322
323 7 325
325 108 323
323 108 324
324 107 323
325 7 327
327 109 325
325 109 326
326 108 325
326 109 330
330 3 326
327 7 370
370 122 327
327 122 328
328 109 327
328 122 372
372 8 328
328 8 329
329 109 328
329 8 331
331 110 329
329 110 330
330 109 329
330 110 334
334 3 330
331 8 380
380 125 331
331 125 332
332 110 331
332 125 382
382 9 332
332 9 333
333 110 332
333 9 335
335 111 333
333 111 334
334 110 333
335 9 337
337 112 335
335 112 336
336 111 335
336 112 340
340 4 336
337 9 386
386 127 337
337 127 338
338 112 337
338 127 388
388 10 338
338 10 339
339 112 338
339 10 341
341 113 339
339 113 340
340 112 339
340 113 344
344 4 340
341 10 396
396 130 341
341 130 342
342 113 341
342 130 398
398 11 342
342 11 343
343 113 342
343 11 345
345 114 343
343 114 344
344 113 343
345 11 347
347 115 345
345 115 346
346 114 345
346 115 350
350 5 346
347 11 402
402 132 347
347 132 348
348 115 347
348 132 404
404 12 348
348 12 349
349 115 348
349 12 351
351 116 349
349 116 350
350 115 349
350 116 354
354 5 350
351 12 412
412 135 351
351 135 352
352 116 351
352 135 414
414 13 352
352 13 353
353 116 352
353 13 355
355 117 353
353 117 354
354 116 353
355 13 357
357 118 355
355 118 356
356 117 355
357 13 418
418 137 357
357 137 358
358 118 357
358 137 420
420 6 358
359 119 364
364 6 359
359 6 420
420 138 359
359 138 360
360 119 359
360 138 422
422 14 360
360 14 361
361 119 360
361 14 428
428 140 361
361 140 362
362 119 361
362 140 430
430 15 362
362 15 363
363 119 362
363 15 365
365 120 363
363 120 364
364 119 363
365 15 367
367 121 365
365 121 366
366 120 365
366 121 370
370 7 366
367 15 434
434 142 367
367 142 368
368 121 367
368 142 436
436 16 368
368 16 369
369 121 368
369 16 371
371 122 369
369 122 370
370 121 369
371 16 373
373 123 371
371 123 372
372 122 371
372 123 376
376 8 372
373 16 440
440 144 373
373 144 374
374 123 373
374 144 442
442 17 374
374 17 375
375 123 374
375 17 377
377 124 375
375 124 376
376 123 375
376 124 380
380 8 376
377 17 450
450 147 377
377 147 378
378 124 377
378 147 452
452 18 378
378 18 379
379 124 378
379 18 381
381 125 379
379 125 380
380 124 379
381 18 383
383 126 381
381 126 382
382 125 381
382 126 386
386 9 382
383 18 456
456 149 383
383 149 384
384 126 383
384 149 458
458 19 384
384 19 385
385 126 384
385 19 387
387 127 385
385 127 386
386 126 385
387 19 389
389 128 387
387 128 388
388 127 387
388 128 392
392 10 388
389 19 462
462 151 389
389 151 390
390 128 389
390 151 464
464 20 390
390 20 391
391 128 390
391 20 393
393 129 391
391 129 392
392 128 391
392 129 396
396 10 392
393 20 472
472 154 393
393 154 394
394 129 393
394 154 474
474 21 394
394 21 395
395 129 394
395 21 397
397 130 395
395 130 396
396 129 395
397 21 399
399 131 397
397 131 398
398 130 397
398 131 402
402 11 398
399 21 478
478 156 399
399 156 400
400 131 399
400 156 480
480 22 400
400 22 401
401 131 400
401 22 403
403 132 401
401 132 402
402 131 401
403 22 405
405 133 403
403 133 404
404 132 403
404 133 408
408 12 404
405 22 484
484 158 405
405 158 406
406 133 405
406 158 486
486 23 406
406 23 407
407 133 406
407 23 409
409 134 407
407 134 408
408 133 407
408 134 412
412 12 408
409 23 494
494 161 409
409 161 410
410 134 409
410 161 496
496 24 410
410 24 411
411 134 410
411 24 413
413 135 411
411 135 412
412 134 411
413 24 415
415 136 413
413 136 414
414 135 413
414 136 418
418 13 414
415 24 500
500 163 415
415 163 416
416 136 415
416 163 502
502 25 416
416 25 417
417 136 416
417 25 419
419 137 417
417 137 418
418 136 417
419 25 421
421 138 419
419 138 420
420 137 419
421 25 506
506 165 421
421 165 422
422 138 421
422 165 508
508 14 422
423 139 428
428 14 423
423 14 508
508 166 423
423 166 424
424 139 423
424 166 510
510 26 424
424 26 425
425 139 424
425 26 516
516 168 425
425 168 426
426 139 425
426 168 518
518 27 426
426 27 427
427 139 426
427 27 429
429 140 427
427 140 428
428 139 427
429 27 431
431 141 429
429 141 430
430 140 429
430 141 434
434 15 430
431 27 522
522 170 431
431 170 432
432 141 431
432 170 524
524 28 432
432 28 433
433 141 432
433 28 435
435 142 433
433 142 434
434 141 433
435 28 437
437 143 435
435 143 436
436 142 435
436 143 440
440 16 436
437 28 528
528 172 437
437 172 438
438 143 437
438 172 530
530 29 438
438 29 439
439 143 438
439 29 441
441 144 439
439 144 440
440 143 439
441 29 443
443 145 441
441 145 442
442 144 441
442 145 446
446 17 442
443 29 534
534 174 443
443 174 444
444 145 443
444 174 536
536 30 444
444 30 445
445 145 444
445 30 447
447 146 445
445 146 446
446 145 445
446 146 450
450 17 446
447 30 544
544 177 447
447 177 448
448 146 447
448 177 546
546 31 448
448 31 449
449 146 448
449 31 451
451 147 449
449 147 450
450 146 449
451 31 453
453 148 451
451 148 452
452 147 451
452 148 456
456 18 452
453 31 550
550 179 453
453 179 454
454 148 453
454 179 552
552 32 454
454 32 455
455 148 454
455 32 457
457 149 455
455 149 456
456 148 455
457 32 459
459 150 457
457 150 458
458 149 457
458 150 462
462 19 458
459 32 556
556 181 459
459 181 460
460 150 459
460 181 558
558 33 460
460 33 461
461 150 460
461 33 463
463 151 461
461 151 462
462 150 461
463 33 465
465 152 463
463 152 464
464 151 463
464 152 468
468 20 464
465 33 562
562 183 465
465 183 466
466 152 465
466 183 564
564 34 466
466 34 467
467 152 466
467 34 469
469 153 467
467 153 468
468 152 467
468 153 472
472 20 468
469 34 572
572 186 469
469 186 470
470 153 469
470 186 574
574 35 470
470 35 471
471 153 470
471 35 473
473 154 471
471 154 472
472 153 471
473 35 475
475 155 473
473 155 474
474 154 473
474 155 478
478 21 474
475 35 578
578 188 475
475 188 476
476 155 475
476 188 580
580 36 476
476 36 477
477 155 476
477 36 479
479 156 477
477 156 478
478 155 477
479 36 481
481 157 479
479 157 480
480 156 479
480 157 484
484 22 480
481 36 584
584 190 481
481 190 482
482 157 481
482 190 586
586 37 482
482 37 483
483 157 482
483 37 485
485 158 483
483 158 484
484 157 483
485 37 487
487 159 485
485 159 486
486 158 485
486 159 490
490 23 486
487 37 590
590 192 487
487 192 488
488 159 487
488 192 592
592 38 488
488 38 489
489 159 488
489 38 491
491 160 489
489 160 490
490 159 489
490 160 494
494 23 490
491 38 600
600 195 491
491 195 492
492 160 491
492 195 602
602 39 492
492 39 493
493 160 492
493 39 495
495 161 493
493 161 494
494 160 493
495 39 497
497 162 495
495 162 496
496 161 495
496 162 500
500 24 496
497 39 606
606 197 497
497 197 498
498 162 497
498 197 608
608 40 498
498 40 499
499 162 498
499 40 501
501 163 499
499 163 500
500 162 499
501 40 503
503 164 501
501 164 502
502 163 501
502 164 506
506 25 502
503 40 612
612 199 503
503 199 504
504 164 503
504 199 614
614 41 504
504 41 505
505 164 504
505 41 507
507 165 505
505 165 506
506 164 505
507 41 509
509 166 507
507 166 508
508 165 507
509 41 618
618 201 509
509 201 510
510 166 509
510 201 620
620 26 510
511 167 516
516 26 511
511 26 620
620 202 511
511 202 512
512 167 511
512 202 622
622 42 512
512 42 513
513 167 512
513 42 625
625 203 513
513 203 514
514 167 513
514 203 624
624 43 514
514 43 515
515 167 514
515 43 517
517 168 515
515 168 516
516 167 515
517 43 519
519 169 517
517 169 518
518 168 517
518 169 522
522 27 518
519 43 628
628 205 519
519 205 520
520 169 519
520 205 632
632 44 520
520 44 521
521 169 520
521 44 523
523 170 521
521 170 522
522 169 521
523 44 525
525 171 523
523 171 524
524 170 523
524 171 528
528 28 524
525 44 634
634 207 525
525 207 526
526 171 525
526 207 638
638 45 526
526 45 527
527 171 526
527 45 529
529 172 527
527 172 528
528 171 527
529 45 531
531 173 529
529 173 530
530 172 529
530 173 534
534 29 530
531 45 640
640 209 531
531 209 532
532 173 531
532 209 644
644 46 532
532 46 533
533 173 532
533 46 535
535 174 533
533 174 534
534 173 533
535 46 537
537 175 535
535 175 536
536 174 535
536 175 540
540 30 536
537 46 646
646 211 537
537 211 538
538 175 537
538 211 650
650 47 538
538 47 539
539 175 538
539 47 541
541 176 539
539 176 540
540 175 539
540 176 544
544 30 540
541 47 650
650 212 541
541 212 542
542 176 541
542 212 652
652 48 542
542 48 543
543 176 542
543 48 545
545 177 543
543 177 544
544 176 543
545 48 547
547 178 545
545 178 546
546 177 545
546 178 550
550 31 546
547 48 654
654 214 547
547 214 548
548 178 547
548 214 658
658 49 548
548 49 549
549 178 548
549 49 551
551 179 549
549 179 550
550 178 549
551 49 553
553 180 551
551 180 552
552 179 551
552 180 556
556 32 552
553 49 660
660 216 553
553 216 554
554 180 553
554 216 664
664 50 554
554 50 555
555 180 554
555 50 557
557 181 555
555 181 556
556 180 555
557 50 559
559 182 557
557 182 558
558 181 557
558 182 562
562 33 558
559 50 666
666 218 559
559 218 560
560 182 559
560 218 670
670 51 560
560 51 561
561 182 560
561 51 563
563 183 561
561 183 562
562 182 561
563 51 565
565 184 563
563 184 564
564 183 563
564 184 568
568 34 564
565 51 672
672 220 565
565 220 566
566 184 565
566 220 676
676 52 566
566 52 567
567 184 566
567 52 569
569 185 567
567 185 568
568 184 567
568 185 572
572 34 568
569 52 676
676 221 569
569 221 570
570 185 569
570 221 678
678 53 570
570 53 571
571 185 570
571 53 573
573 186 571
571 186 572
572 185 571
573 53 575
575 187 573
573 187 574
574 186 573
574 187 578
578 35 574
575 53 680
680 223 575
575 223 576
576 187 575
576 223 684
684 54 576
576 54 577
577 187 576
577 54 579
579 188 577
577 188 578
578 187 577
579 54 581
581 189 579
579 189 580
580 188 579
580 189 584
584 36 580
581 54 686
686 225 581
581 225 582
582 189 581
582 225 690
690 55 582
582 55 583
583 189 582
583 55 585
585 190 583
583 190 584
584 189 583
585 55 587
587 191 585
585 191 586
586 190 585
586 191 590
590 37 586
587 55 692
692 227 587
587 227 588
588 191 587
588 227 696
696 56 588
588 56 589
589 191 588
589 56 591
591 192 589
589 192 590
590 191 589
591 56 593
593 193 591
591 193 592
592 192 591
592 193 596
596 38 592
593 56 698
698 229 593
593 229 594
594 193 593
594 229 702
702 57 594
594 57 595
595 193 594
595 57 597
597 194 595
595 194 596
596 193 595
596 194 600
600 38 596
597 57 702
702 230 597
597 230 598
598 194 597
598 230 704
704 58 598
598 58 599
599 194 598
599 58 601
601 195 599
599 195 600
600 194 599
601 58 603
603 196 601
601 196 602
602 195 601
602 196 606
606 39 602
603 58 706
706 232 603
603 232 604
604 196 603
604 232 710
710 59 604
604 59 605
605 196 604
605 59 607
607 197 605
605 197 606
606 196 605
607 59 609
609 198 607
607 198 608
608 197 607
608 198 612
612 40 608
609 59 712
712 234 609
609 234 610
610 198 609
610 234 716
716 60 610
610 60 611
611 198 610
611 60 613
613 199 611
611 199 612
612 198 611
613 60 615
615 200 613
613 200 614
614 199 613
614 200 618
618 41 614
615 60 718
718 236 615
615 236 616
616 200 615
616 236 722
722 61 616
616 61 617
617 200 616
617 61 619
619 201 617
617 201 618
618 200 617
619 61 621
621 202 619
619 202 620
620 201 619
621 61 724
724 238 621
621 238 622
622 202 621
622 238 625
625 42 622
623 203 626
626 62 623
623 62 629
629 204 623
623 204 624
624 203 623
624 204 628
628 43 624
625 238 626
626 203 625
626 238 723
723 62 626
627 204 630
630 63 627
627 63 631
631 205 627
627 205 628
628 204 627
629 62 729
729 239 629
629 239 630
630 204 629
630 239 728
728 63 630
631 63 635
635 206 631
631 206 632
632 205 631
632 206 634
634 44 632
633 206 636
636 64 633
633 64 637
637 207 633
633 207 634
634 206 633
635 63 732
732 241 635
635 241 636
636 206 635
636 241 736
736 64 636
637 64 641
641 208 637
637 208 638
638 207 637
638 208 640
640 45 638
639 208 642
642 65 639
639 65 643
643 209 639
639 209 640
640 208 639
641 64 738
738 243 641
641 243 642
642 208 641
642 243 742
742 65 642
643 65 647
647 210 643
643 210 644
644 209 643
644 210 646
646 46 644
645 210 648
648 66 645
645 66 649
649 211 645
645 211 646
646 210 645
647 65 744
744 245 647
647 245 648
648 210 647
648 245 748
748 66 648
649 66 651
651 212 649
649 212 650
650 211 649
651 66 655
655 213 651
651 213 652
652 212 651
652 213 654
654 48 652
653 213 656
656 67 653
653 67 657
657 214 653
653 214 654
654 213 653
655 66 748
748 246 655
655 246 656
656 213 655
656 246 750
750 67 656
657 67 661
661 215 657
657 215 658
658 214 657
658 215 660
660 49 658
659 215 662
662 68 659
659 68 663
663 216 659
659 216 660
660 215 659
661 67 752
752 248 661
661 248 662
662 215 661
662 248 756
756 68 662
663 68 667
667 217 663
663 217 664
664 216 663
664 217 666
666 50 664
665 217 668
668 69 665
665 69 669
669 218 665
665 218 666
666 217 665
667 68 758
758 250 667
667 250 668
668 217 667
668 250 762
762 69 668
669 69 673
673 219 669
669 219 670
670 218 669
670 219 672
672 51 670
671 219 674
674 70 671
671 70 675
675 220 671
671 220 672
672 219 671
673 69 764
764 252 673
673 252 674
674 219 673
674 252 768
768 70 674
675 70 677
677 221 675
675 221 676
676 220 675
677 70 681
681 222 677
677 222 678
678 221 677
678 222 680
680 53 678
679 222 682
682 71 679
679 71 683
683 223 679
679 223 680
680 222 679
681 70 768
768 253 681
681 253 682
682 222 681
682 253 770
770 71 682
683 71 687
687 224 683
683 224 684
684 223 683
684 224 686
686 54 684
685 224 688
688 72 685
685 72 689
689 225 685
685 225 686
686 224 685
687 71 772
772 255 687
687 255 688
688 224 687
688 255 776
776 72 688
689 72 693
693 226 689
689 226 690
690 225 689
690 226 692
692 55 690
691 226 694
694 73 691
691 73 695
695 227 691
691 227 692
692 226 691
693 72 778
778 257 693
693 257 694
694 226 693
694 257 782
782 73 694
695 73 699
699 228 695
695 228 696
696 227 695
696 228 698
698 56 696
697 228 700
700 74 697
697 74 701
701 229 697
697 229 698
698 228 697
699 73 784
784 259 699
699 259 700
700 228 699
700 259 788
788 74 700
701 74 703
703 230 701
701 230 702
702 229 701
703 74 707
707 231 703
703 231 704
704 230 703
704 231 706
706 58 704
705 231 708
708 75 705
705 75 709
709 232 705
705 232 706
706 231 705
707 74 788
788 260 707
707 260 708
708 231 707
708 260 790
790 75 708
709 75 713
713 233 709
709 233 710
710 232 709
710 233 712
712 59 710
711 233 714
714 76 711
711 76 715
715 234 711
711 234 712
712 233 711
713 75 792
792 262 713
713 262 714
714 233 713
714 262 796
796 76 714
715 76 719
719 235 715
715 235 716
716 234 715
716 235 718
718 60 716
717 235 720
720 77 717
717 77 721
721 236 717
717 236 718
718 235 717
719 76 798
798 264 719
719 264 720
720 235 719
720 264 802
802 77 720
721 77 725
725 237 721
721 237 722
722 236 721
722 237 724
724 61 722
723 237 726
726 62 723
723 238 724
724 237 723
725 77 804
804 266 725
725 266 726
726 237 725
726 266 729
729 62 726
727 239 730
730 78 727
727 78 733
733 240 727
727 240 728
728 239 727
728 240 732
732 63 728
729 266 730
730 239 729
730 266 803
803 78 730
731 240 734
734 79 731
731 79 735
735 241 731
731 241 732
732 240 731
733 78 809
809 267 733
733 267 734
734 240 733
734 267 808
808 79 734
735 79 739
739 242 735
735 242 736
736 241 735
736 242 738
738 64 736
737 242 740
740 80 737
737 80 741
741 243 737
737 243 738
738 242 737
739 79 812
812 269 739
739 269 740
740 242 739
740 269 816
816 80 740
741 80 745
745 244 741
741 244 742
742 243 741
742 244 744
744 65 742
743 244 746
746 81 743
743 81 747
747 245 743
743 245 744
744 244 743
745 80 818
818 271 745
745 271 746
746 244 745
746 271 822
822 81 746
747 81 749
749 246 747
747 246 748
748 245 747
749 81 753
753 247 749
749 247 750
750 246 749
750 247 752
752 67 750
751 247 754
754 82 751
751 82 755
755 248 751
751 248 752
752 247 751
753 81 822
822 272 753
753 272 754
754 247 753
754 272 824
824 82 754
755 82 759
759 249 755
755 249 756
756 248 755
756 249 758
758 68 756
757 249 760
760 83 757
757 83 761
761 250 757
757 250 758
758 249 757
759 82 826
826 274 759
759 274 760
760 249 759
760 274 830
830 83 760
761 83 765
765 251 761
761 251 762
762 250 761
762 251 764
764 69 762
763 251 766
766 84 763
763 84 767
767 252 763
763 252 764
764 251 763
765 83 832
832 276 765
765 276 766
766 251 765
766 276 836
836 84 766
767 84 769
769 253 767
767 253 768
768 252 767
769 84 773
773 254 769
769 254 770
770 253 769
770 254 772
772 71 770
771 254 774
774 85 771
771 85 775
775 255 771
771 255 772
772 254 771
773 84 836
836 277 773
773 277 774
774 254 773
774 277 838
838 85 774
775 85 779
779 256 775
775 256 776
776 255 775
776 256 778
778 72 776
777 256 780
780 86 777
777 86 781
781 257 777
777 257 778
778 256 777
779 85 840
840 279 779
779 279 780
780 256 779
780 279 844
844 86 780
781 86 785
785 258 781
781 258 782
782 257 781
782 258 784
784 73 782
783 258 786
786 87 783
783 87 787
787 259 783
783 259 784
784 258 783
785 86 846
846 281 785
785 281 786
786 258 785
786 281 850
850 87 786
787 87 789
789 260 787
787 260 788
788 259 787
789 87 793
793 261 789
789 261 790
790 260 789
790 261 792
792 75 790
791 261 794
794 88 791
791 88 795
795 262 791
791 262 792
792 261 791
793 87 850
850 282 793
793 282 794
794 261 793
794 282 852
852 88 794
795 88 799
799 263 795
795 263 796
796 262 795
796 263 798
798 76 796
797 263 800
800 89 797
797 89 801
801 264 797
797 264 798
798 263 797
799 88 854
854 284 799
799 284 800
800 263 799
800 284 858
858 89 800
801 89 805
805 265 801
801 265 802
802 264 801
802 265 804
804 77 802
803 265 806
806 78 803
803 266 804
804 265 803
805 89 860
860 286 805
805 286 806
806 265 805
806 286 809
809 78 806
807 267 810
810 90 807
807 90 813
813 268 807
807 268 808
808 267 807
808 268 812
812 79 808
809 286 810
810 267 809
810 286 859
859 90 810
811 268 814
814 91 811
811 91 815
815 269 811
811 269 812
812 268 811
813 90 865
865 287 813
813 287 814
814 268 813
814 287 864
864 91 814
815 91 819
819 270 815
815 270 816
816 269 815
816 270 818
818 80 816
817 270 820
820 92 817
817 92 821
821 271 817
817 271 818
818 270 817
819 91 868
868 289 819
819 289 820
820 270 819
820 289 872
872 92 820
821 92 823
823 272 821
821 272 822
822 271 821
823 92 827
827 273 823
823 273 824
824 272 823
824 273 826
826 82 824
825 273 828
828 93 825
825 93 829
829 274 825
825 274 826
826 273 825
827 92 872
872 290 827
827 290 828
828 273 827
828 290 874
874 93 828
829 93 833
833 275 829
829 275 830
830 274 829
830 275 832
832 83 830
831 275 834
834 94 831
831 94 835
835 276 831
831 276 832
832 275 831
833 93 876
876 292 833
833 292 834
834 275 833
834 292 880
880 94 834
835 94 837
837 277 835
835 277 836
836 276 835
837 94 841
841 278 837
837 278 838
838 277 837
838 278 840
840 85 838
839 278 842
842 95 839
839 95 843
843 279 839
839 279 840
840 278 839
841 94 880
880 293 841
841 293 842
842 278 841
842 293 882
882 95 842
843 95 847
847 280 843
843 280 844
844 279 843
844 280 846
846 86 844
845 280 848
848 96 845
845 96 849
849 281 845
845 281 846
846 280 845
847 95 884
884 295 847
847 295 848
848 280 847
848 295 888
888 96 848
849 96 851
851 282 849
849 282 850
850 281 849
851 96 855
855 283 851
851 283 852
852 282 851
852 283 854
854 88 852
853 283 856
856 97 853
853 97 857
857 284 853
853 284 854
854 283 853
855 96 888
888 296 855
855 296 856
856 283 855
856 296 890
890 97 856
857 97 861
861 285 857
857 285 858
858 284 857
858 285 860
860 89 858
859 285 862
862 90 859
859 286 860
860 285 859
861 97 892
892 298 861
861 298 862
862 285 861
862 298 865
865 90 862
863 287 866
866 98 863
863 98 869
869 288 863
863 288 864
864 287 863
864 288 868
868 91 864
865 298 866
866 287 865
866 298 891
891 98 866
867 288 870
870 99 867
867 99 871
871 289 867
867 289 868
868 288 867
869 98 897
897 299 869
869 299 870
870 288 869
870 299 896
896 99 870
871 99 873
873 290 871
871 290 872
872 289 871
873 99 877
877 291 873
873 291 874
874 290 873
874 291 876
876 93 874
875 291 878
878 100 875
875 100 879
879 292 875
875 292 876
876 291 875
877 99 896
896 300 877
877 300 878
878 291 877
878 300 900
900 100 878
879 100 881
881 293 879
879 293 880
880 292 879
881 100 885
885 294 881
881 294 882
882 293 881
882 294 884
884 95 882
883 294 886
886 101 883
883 101 887
887 295 883
883 295 884
884 294 883
885 100 900
900 301 885
885 301 886
886 294 885
886 301 902
902 101 886
887 101 889
889 296 887
887 296 888
888 295 887
889 101 893
893 297 889
889 297 890
890 296 889
890 297 892
892 97 890
891 297 894
894 98 891
891 298 892
892 297 891
893 101 902
902 302 893
893 302 894
894 297 893
894 302 897
897 98 894
895 299 898
898 102 895
895 102 899
899 300 895
895 300 896
896 299 895
897 302 898
898 299 897
898 302 901
901 102 898
899 102 901
901 301 899
899 301 900
900 300 899
901 302 902
902 301 901
